2080882076_rosario2\descriptor.aod|C:\Users\vizlab\Desktop\MestradoMosis\rosario2_Mosis_XP\MosisXP_2D\Rosario2_2D\2080882076_rosario2\descriptor.aod|0
FreeHand 4 667
Outcrop 671 1
UnityTexture 672 4
end_header
3 TAG 2 -135.307 1.661278 -168.4712 -118.1086 -1.651093 -188.7051  e2bf64a2-4011-f73e-ded1-8fc31254417c
3 TAG 2 -105.2494 -1.367584 -187.2487 -100.2971 -0.8730545 -171.6384  f8df9721-a0dd-d059-6e24-e01689b66fe6
3 TAG 2 -99.12076 -0.6802902 -170.1613 -90.6368 -2.044975 -154.6375  a176554e-212a-5937-8475-104f024a0457
3 TAG 8 -133.5351 0.8146515 -170.4561 -111.8542 -0.952179 -163.9168 -103.3643 -0.7520981 -160.2477 -95.35874 -0.8176804 -154.903 -91.30289 -1.244225 -152.4187 -84.37791 -1.203362 -147.0589 -79.5561 -0.09239197 -143.0355 -76.3912 0.3387909 -138.2264  cdc9b3f6-08b1-f12a-ae22-1a69879175fc
3 TAG 4 -135.6127 1.059883 -166.0404 -136.1629 1.394516 -166.6015 -129.411 -0.124321 -162.9032 -123.326 -0.4307098 -158.7039  2b62694a-e5a5-732c-cc91-a39a28fc3a68
3 TAG 5 -136.248 0.4384842 -159.7665 -121.5251 -0.3918076 -153.4567 -106.8805 -0.588768 -149.0981 -98.68636 0.1359177 -145.3312 -89.66398 0.6661301 -140.7041  f8f13e50-1314-8dd9-fbf7-9ac2bb2b1288
3 TAG 2 -90.64893 -2.122253 -153.8059 -83.97011 -0.8426437 -150.4882  564e3169-7590-f3ac-496f-4b874d765dc5
3 TAG 2 -83.48533 -0.9274445 -150.6779 -72.82012 -0.8009338 -146.1009  8d5a0aac-cd11-4c85-8e97-32dfba83a19e
3 TAG 2 -76.63313 -1.456863 -152.7581 -66.57171 -0.7430115 -145.8561  ccd7d56f-7432-0ba4-f814-bf1fe5bfaed0
3 TAG 2 -69.08888 -0.7801361 -157.5782 -62.47308 -0.3930511 -150.5429  50394ad6-cb28-35c4-a498-7c87f92b718a
3 TAG 4 -70.32858 -0.823082 -154.2939 -71.08724 -0.9233856 -154.9333 -66.3165 -1.322174 -151.0309 -64.73671 -1.174217 -147.4524  d4834d3f-629c-b1cf-19de-23e60304cdf5
3 TAG 2 -88.87643 -1.165535 -161.2033 -80.06023 -1.051331 -158.9979  7daad920-7708-dd60-9e6c-dfca5b494abc
3 TAG 3 -104.3139 -1.513184 -191.2647 -97.84706 -1.922058 -186.2827 -92.7823 -1.391899 -184.2022  332910c1-9da5-7d7c-9a12-af902617c886
3 TAG 2 -67.4425 -1.479858 -178.7514 -66.40913 -1.644424 -191.3886  1a8a88d5-0d3a-927a-fb91-587868fb2ed4
3 TAG 2 -101.4889 -1.291176 -202.3365 -93.00366 -2.797852 -211.0292  0f5d3cc1-2a0d-9cb7-c5b3-3bc8eeb6e2ad
3 TAG 2 -95.71225 -1.345329 -196.6381 -88.47755 -1.253098 -193.5435  9e20f5a2-42bb-685c-e968-597c17c13de4
3 TAG 2 -117.2115 -2.2911 -188.3425 -117.8084 -0.5039444 -173.3496  886bdef0-7789-0786-9218-1577245a96fe
3 TAG 2 -117.3059 -0.4385147 -182.7679 -103.1452 -1.165962 -179.2533  1f98bbfd-c5db-0f00-6257-405bba658813
3 TAG 2 -120.5536 0.005943298 -182.0031 -122.7545 0.9996338 -138.321  778cff1e-2ccd-a786-45c8-96879886359e
3 TAG 2 -154.0722 -1.13623 -210.3725 -153.9921 -0.6580048 -201.6789  e53839d8-caa6-22f9-9fa2-9eca30a087c2
3 TAG 3 -173.0511 1.059662 -186.0045 -164.7435 1.191612 -180.0676 -154.3005 0.2951584 -173.0009  d21f1362-a7c7-d196-d3ec-3759aa478f50
3 TAG 2 -161.1501 -0.9820023 -214.2835 -160.9602 -0.05796051 -200.6202  8ec4f22f-4711-55aa-1c61-17f7bcbb7644
3 TAG 3 -181.7175 -0.5479813 -200.8033 -181.5932 1.36869 -189.1871 -180.1073 1.317032 -181.66  9152c0ef-f143-2bb7-48e9-420b8d7676e1
3 TAG 5 -178.2079 1.834702 -162.4339 -178.1764 1.891983 -162.5511 -163.5596 1.626373 -148.7501 -155.9178 1.55159 -140.1624 -152.5757 1.420868 -135.0489  6153b4ce-9a72-57f9-58db-a4d1188985ee
3 TAG 7 -122.9147 0.01927185 -150.3998 -129.8683 -0.1666718 -153.0897 -139.4438 0.3712692 -154.1876 -144.7595 1.220322 -153.2789 -148.9113 1.210411 -152.2282 -151.9685 1.754601 -151.033 -153.1571 1.4935 -149.8328  f7981a66-22a6-a944-97e0-9f4286f7adea
3 TAG 2 -97.52106 1.21727 -134.1661 -87.72487 1.336479 -128.6984  9259d5d8-8255-d0ab-5329-6166f3ecad4e
3 TAG 4 -102.8374 1.359299 -135.7866 -92.83547 0.8135147 -130.5171 -88.67443 1.788177 -126.311 -86.03648 1.459267 -119.3833  cb3e85eb-0c30-9df9-a6a7-6ade4434d8aa
3 TAG 6 -96.33369 1.357994 -124.8273 -84.16479 1.062859 -117.54 -82.26653 1.603226 -114.4517 -72.81492 2.828865 -105.3248 -61.7319 2.233696 -99.09718 -57.58847 2.66684 -97.16023  2bd97172-6f39-ab7d-9c24-7c74479be874
3 TAG 3 -133.9495 -0.4030685 -135.5499 -133.6427 0.8309326 -135.9202 -120.4305 1.670387 -129.0501  b32deb88-559e-2b73-550c-de684a962a8a
3 TAG 2 -115.9775 2.11911 -125.5499 -85.24913 2.778252 -105.1263  b9cc8cba-686d-de9f-bd7d-1cc0cfd2d0a0
3 TAG 2 -130.3174 2.976311 -121.507 -119.7481 1.383881 -129.5443  cbb24b19-121b-5a71-d5ef-6c2771175e0d
3 TAG 2 -155.7469 1.703712 -134.2391 -145.9227 1.330429 -130.1944  e873673b-ba4d-8b82-be78-b3691e66de4d
3 TAG 4 -161.9327 3.207329 -136.393 -155.5876 2.265366 -135.2481 -147.8316 1.648865 -135.5085 -139.6624 0.5542526 -135.4722  df316a6a-214f-72ca-1650-1dd60b0a67c4
3 TAG 2 -148.6976 2.086838 -127.9016 -140.113 1.83535 -125.9791  7e0e5310-319e-60a1-1bbd-ab3a96bb44b9
3 TAG 3 -159.5798 0.03365326 -194.2634 -159.3097 1.111557 -178.7356 -159.2331 1.167 -164.1589  53c50099-00e2-b8df-c366-74da14914cdc
3 TAG 15 -141.4517 -2.399323 -188.3871 -133.8436 1.556915 -130.736 -135.5681 2.639267 -113.1348 -135.6295 2.06691 -96.6379 -135.1758 2.474785 -81.36919 -135.9518 2.409447 -61.51785 -137.6826 4.069199 -52.59936 -137.4884 2.433212 -39.87324 -140.642 3.926163 -16.32054 -144.1078 4.233162 18.88867 -142.8853 3.184258 39.14563 -141.225 2.870689 75.4917 -139.5416 4.513618 102.0282 -139.0753 2.890953 126.0516 -138.7305 4.120323 138.1799  b15fbdf0-dfee-96d6-2383-64e3cbe21fd2
3 TAG 10 -100.2023 -1.524399 -186.844 -95.61099 -0.6102905 -182.0995 -88.94055 -0.9563446 -178.5472 -79.92181 3.269867 -169.7005 -74.87485 1.813667 -165.6732 -66.90477 -0.7534103 -161.3283 -63.40518 -1.544464 -158.5802 -57.71875 -1.492371 -156.054 -53.02678 -0.8009872 -151.8924 -50.0835 0.3676224 -149.2838  93106dad-d93d-19e0-7c89-9a32070f92dc
3 TAG 5 -147.4765 1.996834 -127.1088 -136.6372 4.71843 -120.7618 -120.9617 2.378075 -111.6359 -106.9494 2.136871 -103.9318 -98.37788 2.045998 -100.2082  8e175f72-c0e9-b192-3282-21d479b5727b
3 TAG 5 -135.0121 1.892776 -83.3474 -123.5089 2.805008 -90.26938 -114.2723 2.192131 -96.71794 -98.91811 2.846352 -105.5605 -87.18999 2.281273 -108.2117  2b355156-5239-a38a-f738-c7864f5b0d5b
3 TAG 2 -101.0078 2.781815 -106.3877 -91.97668 2.643669 -99.78616  fb5b8e2b-72d6-dd59-6ade-71fccf6bc290
3 TAG 4 -135.5786 2.092323 -108.7036 -125.0573 2.740784 -101.7417 -114.6451 1.831352 -97.51947 -104.904 2.708534 -92.00594  ee01821e-3b6d-2462-d17a-52bbb6085a31
3 TAG 2 -112.2906 2.953323 -97.15587 -91.56882 2.941597 -89.60076  fa0acd3c-5dd0-cbf7-0f15-beaeeb5d2bda
3 TAG 2 -64.9315 1.868362 -100.7697 -68.742 3.112335 -80.10773  ddd341c8-3401-6fe9-668a-3f2ad90c2bb9
3 TAG 2 -69.86301 2.123703 -103.3185 -79.46823 2.89994 -97.32668  164e55da-bc68-2c7d-619c-c3eca84e8a7f
3 TAG 2 -67.03459 2.0998 -101.655 -70.51709 2.213821 -94.98086  17511e2d-7c7e-15ae-d725-4dd96dcd209e
3 TAG 2 -135.8959 2.962868 -89.81891 -151.3538 3.302544 -96.39219  016b8286-e68c-c1b8-fc49-c1a97c2b3bc6
3 TAG 3 -123.6024 3.500298 -72.31507 -99.52853 2.207428 -56.00113 -76.16266 3.577415 -40.23623  15ce502b-f5fe-421d-db43-df760888c02f
3 TAG 3 -163.9806 4.964912 -74.37579 -150.885 3.636963 -66.17474 -137.3425 2.805504 -56.76962  5aaa8230-dabe-e4d0-e11c-24684250b758
3 TAG 2 -132.8546 3.185089 -56.52712 -103.3469 3.75946 -41.61281  d9008a8a-5f52-3f55-e4af-2f64256bca0a
3 TAG 2 -144.1445 3.217697 -52.50454 -131.001 3.387405 -54.82745  e5ccb96d-f999-d9b2-fd71-7c20ec92b989
3 TAG 2 -77.37669 3.898315 -31.09496 -79.17131 3.773376 -51.03455  74e9d8e3-39d9-4936-1d6c-63727450dd8c
3 TAG 2 -82.86065 3.301765 -38.0183 -82.12683 3.688904 -52.49855  fcc97cfb-2537-ee15-96c3-ce316b9051e8
3 TAG 2 -106.722 3.692505 -73.86967 -110.5735 1.552536 -63.37432  c81183f1-b51e-a765-25b1-79c0ce741de0
3 TAG 2 -129.5984 2.432671 -101.225 -109.2861 2.81427 -90.78182  e9756f96-7327-859d-f9e6-88e2e4df1777
3 TAG 5 -177.9962 4.423256 -44.48795 -167.322 4.065796 -39.71447 -160.4601 3.621758 -34.49444 -153.1468 3.689491 -32.34167 -145.1171 4.818153 -26.89503  dfcd3715-40fe-00b9-8326-4ad6dafd4a81
3 TAG 8 -140.2986 4.262749 -18.5877 -125.5098 4.582848 -13.45805 -117.5573 4.113503 -9.006203 -111.3362 4.030075 -3.568132 -100.6291 3.899246 1.233658 -88.96936 3.672791 6.75351 -75.83222 4.551804 12.42888 -68.28263 4.584419 14.10255  a64397f7-c7aa-a0b8-eca4-41f7353980fc
3 TAG 3 -116.9682 3.079048 -48.10193 -118.875 2.763054 -38.14958 -120.241 2.101982 -25.68464  d4d83e03-4c93-48a4-5119-ba4e1dd227fa
3 TAG 2 -148.7129 3.702736 -13.69531 -142.4943 3.485703 -1.904318  7c485e19-d12e-6e9e-43f0-4536b384dcb0
3 TAG 4 -90.98212 3.131264 -40.15147 -90.27861 2.482094 -25.95279 -89.28049 3.575211 -1.561793 -89.36607 5.143822 14.92481  336c3965-0692-31fc-2f99-5771d56747ea
3 TAG 4 -142.3472 3.755714 3.031734 -130.3772 4.170235 11.30823 -124.0696 3.935547 14.51969 -117.3814 3.777061 17.54672  d2747a94-2ab1-6f4a-3443-591bee7c9ccb
3 TAG 6 -162.9663 5.437172 0.2107372 -158.6131 4.770935 7.549895 -153.9625 4.713547 11.24535 -150.2248 4.062706 16.78505 -147.2017 4.417206 21.06354 -146.4563 4.57962 22.87419  7275bb84-8a25-962c-098e-509a7cfd1cc9
3 TAG 3 -172.8594 5.708817 -1.427944 -167.1667 5.581627 2.236135 -160.2329 5.151955 5.903007  a4c3c926-7754-e31b-f460-f264aaaeb881
3 TAG 2 -116.8216 4.448296 -13.77542 -116.513 3.998352 14.92084  364c66d5-aee2-3540-61f8-78ced933ccc1
3 TAG 3 -94.08707 4.300323 53.7711 -77.4222 3.48333 36.00352 -72.2663 3.558876 31.8857  1b366364-1a66-8648-7d2d-c58009e4f1c6
3 TAG 3 -70.72714 3.942322 4.683918 -69.62976 3.68177 14.17466 -70.90645 2.970345 23.46833  17732c40-9945-991e-ae7a-be1372ab38d3
3 TAG 3 -70.71555 4.074829 27.37263 -73.78178 2.706795 38.8921 -74.7191 3.585823 46.03039  47a40004-1373-ffc6-a7ef-e47615b5a722
3 TAG 7 -93.47868 4.377045 26.13539 -94.46557 3.228043 42.14137 -94.23 4.271423 54.1865 -93.50805 4.475967 66.62977 -93.5993 4.019669 78.51879 -92.98864 4.254829 92.10057 -93.21785 3.941292 103.4772  52f66035-1778-fc1b-e1a6-71230a812f7c
3 TAG 3 -103.4772 4.186462 74.37278 -102.3361 4.295692 75.76251 -92.00098 3.485847 80.58216  65e19e17-b5c6-4944-06b6-9d15ac216c72
3 TAG 3 -74.50383 4.065491 88.03066 -72.31413 3.669197 82.72359 -72.22653 4.167297 72.47565  989b1956-abae-6d25-6c3b-29fd7d73154c
3 TAG 3 -70.3937 4.321251 72.21852 -70.03705 4.018463 63.85738 -69.24194 3.872841 53.83414  db7ea863-2ece-8b0d-660f-9c7ae2d47b74
3 TAG 3 -67.74655 3.181725 32.76056 -58.56982 2.557411 37.41198 -48.66256 3.066216 40.98375  0513f22a-a796-042f-546a-5c0fcd8f5986
3 TAG 4 -70.50769 3.262688 -36.74538 -70.35563 3.076675 -30.07195 -69.61528 3.598587 -18.24039 -69.6634 4.411285 -4.961592  25a2f93e-e305-9898-89c9-591e9721e841
3 TAG 4 -69.80756 4.398132 -4.673262 -52.97553 4.219086 3.571627 -40.76711 3.776184 9.297003 -26.17512 2.942406 15.32646  c9e71442-708a-9056-80c5-df83b73bafe5
3 TAG 7 -73.35715 2.867737 -33.42841 -60.47094 4.080101 -24.71773 -48.77 4.289207 -18.20485 -39.25477 3.779961 -12.37386 -15.50764 3.126427 -0.296751 -11.91637 4.017609 1.221291 -8.65403 3.589211 1.532107  354c7ca7-0048-ba63-8466-a8436093a982
3 TAG 10 -71.34203 3.732819 24.92117 -61.69889 3.424316 12.79758 -54.84266 4.138351 5.830639 -52.56742 3.889931 1.887648 -44.29 3.5961 -6.11335 -37.10804 3.66394 -15.70716 -29.4204 3.151505 -27.14371 -26.39479 3.771866 -31.49205 -15.16622 3.942482 -46.02937 -1.489758 3.466148 -60.35313  8d122d2d-a987-7d37-3396-099cd39e07bc
3 TAG 3 -0.3572273 3.412216 -62.13255 -0.7537651 2.880951 -57.42152 -0.7146111 3.610764 -50.5135  931e0583-3d1e-3681-caac-919bc3d645be
3 TAG 2 2.565594 2.851616 -62.11434 3.226475 3.644218 -50.7289  d4af565e-9e03-deb0-f833-aab75c330428
3 TAG 3 -51.29813 0.322319 -148.6845 -45.74084 0.8265381 -140.3794 -40.31853 0.5503387 -132.3951  256f2ac9-b60d-2f82-ee7b-5d9acbdd9855
3 TAG 2 -39.58882 1.009773 -130.8218 -25.19759 0.1753082 -125.525  f311e0c8-361d-dffa-c690-f8b936efccbf
3 TAG 4 -39.5689 0.8229294 -139.609 -34.61433 0.5106888 -134.5381 -29.70618 1.108162 -128.8755 -26.04605 0.7022705 -123.6906  32729399-f51c-a944-beb4-2d3183a4882f
3 TAG 3 -30.17665 1.571724 -126.3747 -22.30146 0.116394 -121.5215 -15.81213 0.9806366 -117.041  e4094c9c-d13f-9027-229c-950f32e70c7d
3 TAG 6 -20.84391 0.3865204 -119.9378 -18.39994 0.8775635 -116.4836 -14.14229 1.24176 -113.6992 -6.372664 1.579025 -108.8145 -4.083756 0.9418335 -106.9412 5.642934 2.564339 -101.7614  88359f7f-b81d-7eee-69d3-4701cb5cb4f8
3 TAG 2 -3.824672 1.07914 -114.0491 3.314708 1.729698 -104.038  57fecb94-757d-d6f3-1eb2-ccbc322aae77
3 TAG 3 4.95649 2.281937 -92.67925 4.433461 2.268532 -80.99875 4.852775 2.701691 -68.37927  8e02c4cf-c8fd-5a40-cedd-ff5f7c6af9bf
3 TAG 2 -0.8157673 2.410515 -68.18552 10.05659 2.033028 -79.09312  9a419265-41e4-e6ac-3cee-4fbfc01dad87
3 TAG 3 4.822435 2.38784 -76.17014 13.98587 1.98262 -87.87433 31.79267 1.577484 -111.1653  2dd64137-cbc2-c9ae-cc3e-6a9f0e65222b
3 TAG 2 -39.30819 1.99823 -104.7641 -31.65859 1.971855 -93.90044  b2f4225e-6a49-673f-a60c-ea930f499383
3 TAG 9 -13.11509 1.284615 -124.8861 -6.633989 1.019814 -123.2146 -0.2852402 1.426231 -118.882 7.821652 2.001404 -110.6576 19.08005 1.3881 -98.01945 25.15009 1.298485 -91.23743 29.43512 4.151588 -85.98668 40.13977 1.722076 -77.2353 50.55037 0.2877502 -69.43164  2c7be0cc-e7bc-6ad8-4715-2330ce883591
3 TAG 6 63.10183 -0.6773758 -113.1429 54.22773 0.4827881 -99.05915 40.44537 1.824806 -79.92654 27.74781 2.433815 -66.96545 23.13911 2.867378 -60.16842 16.11684 2.146774 -48.88165  cbffd3a8-57fc-e8c5-786f-849240936aa7
3 TAG 3 19.7519 3.066765 -61.10082 10.46246 3.167458 -46.88993 3.077529 3.532913 -36.32909  38078e5e-e11e-3a23-3e3d-f5a15c30bf0c
3 TAG 2 36.19658 -1.628731 -156.6449 24.65277 1.019341 -134.0272  db5cfa0b-8a7a-04c9-95e8-7a478a87cccc
3 TAG 3 24.66537 1.678802 -99.4333 35.91059 0.7643661 -114.0433 51.70536 -0.6272507 -133.0304  2f3bd7ef-9d15-124c-440a-f2bbd06e906b
3 TAG 2 30.51485 1.483459 -95.33803 41.54924 1.095062 -109.3642  9b313aa8-796d-1534-2d4a-2976d7c13f66
3 TAG 5 39.05173 1.364937 -108.4743 47.98573 0.4696045 -121.5207 52.7222 0.1411362 -126.6802 58.07616 -0.6319351 -134.0748 62.33826 -1.236427 -138.9286  3a8554a9-549e-f6fe-ef9e-a58f96df4350
3 TAG 6 62.09303 -0.2544403 -121.9864 68.80086 -2.456932 -120.5821 73.73572 -1.002495 -118.4564 79.71922 -1.021812 -115.6341 82.14026 -1.89994 -114.3392 83.80902 -2.544342 -112.3308  d30acefa-7bb9-4287-c2b7-1bd9e7b71847
3 TAG 3 44.50397 0.3571625 -117.0776 50.83685 0.08634949 -128.3654 59.61755 -1.313889 -141.0189  c94099ac-4542-9172-4382-2f603da6393f
3 TAG 7 63.20311 -0.7359924 -135.1185 68.25423 -1.82756 -123.6268 71.55267 -3.254601 -118.4159 73.04584 -2.017731 -112.7797 75.90936 -0.7205505 -107.6648 77.89623 -0.1935806 -102.9128 82.1082 -2.236359 -94.59882  17a100e4-595f-a924-4672-22413fa80f26
3 TAG 4 57.17687 0.4594727 -124.8349 63.67297 0.2145004 -120.9149 67.57085 -0.397522 -118.1483 71.72843 -2.929688 -115.7868  d96ee699-0952-ccf5-17e5-3af3ec6ad07c
3 TAG 3 77.10668 1.002274 -67.25947 76.50212 -2.487846 -87.92521 76.69319 -0.7160797 -105.136  44d46a6c-29e9-4f51-8127-dfb89c3d35a4
3 TAG 4 89.91843 -2.779968 -124.1938 84.25739 -3.594162 -111.1727 82.09451 -2.105713 -103.3378 78.64888 -2.942604 -96.67963  a17e95c2-d866-0b9d-910f-261f998e6d4d
3 TAG 2 87.28446 -2.406815 -101.0539 83.54967 -1.339645 -70.54514  d2ceed3d-c598-9afc-fb19-a38c17d5cefe
3 TAG 2 93.93837 -4.705391 -118.0602 99.11322 -6.97419 -102.4926  54ac9746-c5f5-5fc1-30c0-9ab9103bb53f
3 TAG 2 97.8952 -3.038185 -98.83733 93.09222 -1.103729 -77.4474  79efbb31-338a-83ec-aeac-3a850bd5cd68
3 TAG 2 79.94878 0.3796005 -59.15628 89.68169 -0.2387848 -69.57843  5dc60d64-3f4f-84cb-4585-7f6f724f42ed
3 TAG 2 98.97124 -2.244492 -58.64204 94.78867 -1.709129 -69.26588  aced722a-a906-ea7f-0f13-f39423abe73f
3 TAG 6 91.11491 -1.397949 -68.71037 95.54593 -2.224762 -69.87506 101.4918 -3.174004 -78.76643 112.2977 -3.483879 -85.43961 122.7994 -6.206726 -91.02866 126.9149 -5.535423 -93.03674  d0745a60-f01c-5b60-889d-242f65d4e4a0
3 TAG 3 98.46883 -2.988693 -79.95809 101.1739 -1.531609 -74.12403 106.4451 1.039558 -67.96037  211b2fe0-d310-efdf-3391-517ca00aa276
3 TAG 11 88.80022 -2.453163 -99.2711 90.10368 -1.314247 -88.41788 88.90991 -1.913231 -84.21838 88.54718 -2.345436 -73.56958 88.12315 -1.929947 -66.14685 90.18667 -1.663628 -58.19527 93.8868 -0.7190781 -46.6078 95.40193 -3.547981 -39.43903 101.9327 -2.612633 -29.42212 108.0356 -3.091103 -20.86194 111.7451 -6.517441 -15.55708  f3c59954-3d7b-c9e5-6192-2a9a6420206b
3 TAG 6 106.5932 -1.708862 -65.44427 112.7308 -3.113045 -61.12791 117.8246 -5.054489 -58.87681 126.2647 -3.996361 -55.29159 135.9348 -5.313942 -51.21175 138.6742 -5.409683 -50.12656  56e7f9c9-0b21-1d77-1fdc-189d88998fb0
3 TAG 4 107.0442 -1.468567 -67.78936 100.9814 -1.395523 -59.75764 98.13229 -1.748619 -57.14087 92.06344 -3.908257 -50.27868  8bb8b537-b825-9cb6-4c91-bfad2be429b0
3 TAG 7 91.57645 -1.528671 -52.18688 86.4417 -0.2288437 -44.03883 81.15314 -0.452446 -39.67548 75.11293 0.7917252 -32.51394 68.70906 1.410316 -23.11704 64.51508 1.552925 -17.7751 56.0147 1.697044 -7.492847  e6fe979d-0d81-0942-f386-129bddc84de6
3 TAG 4 47.3705 0.5172729 -76.47953 51.66991 -0.05109406 -68.32336 55.9509 1.091438 -62.39498 62.31674 -2.345566 -52.65174  76028bfa-99e3-7cc7-419c-40bee4a33bf5
3 TAG 2 61.60717 0.8030396 -62.03587 80.67913 0.5853958 -47.75454  fab9f827-37a1-78ee-a221-97a18e4b42a4
3 TAG 2 106.1659 -1.054016 -57.07645 106.485 -2.105247 -37.46162  147dc921-e925-053b-18ad-2330fb22f0ec
3 TAG 2 119.7895 -2.843285 -72.85583 119.135 -5.370911 -58.90735  648f81fc-fbda-c515-f206-383c9cf44064
3 TAG 2 116.6162 -5.140793 -58.78337 115.1352 0.4091415 -27.68322  cbb94c9b-22b3-3d7a-c3e5-aaed487a0755
3 TAG 5 136.4959 -1.678108 -8.113144 127.9574 -2.349525 -14.28489 123.8963 -3.096947 -19.52264 117.4245 -0.7721558 -25.17837 113.4398 -1.401489 -27.75445  6e3a6776-273b-127d-c2a5-0d51bc056bca
3 TAG 2 112.8025 -2.628654 -25.64393 103.4669 -1.272209 -42.85828  e058a97a-e7e7-08c8-2282-c427b4f2d5ad
3 TAG 4 71.37154 0.6313934 -79.10118 70.62581 0.2601547 -73.39828 69.07168 0.5948029 -68.40488 69.04671 0.961319 -62.22678  6cedcae6-ba09-2839-99e4-b9030ca0b0f5
3 TAG 4 135.3056 -4.124664 -46.96066 134.2955 -4.402031 -32.15621 133.1958 -2.489441 -23.27302 131.7818 -1.359703 -16.4636  6ffa65b6-0c3d-673b-adf3-9a64491f1477
3 TAG 3 134.8207 -3.498688 -40.81464 141.8083 -4.147728 -35.48301 146.2298 -3.89238 -31.87016  29cfb773-0a6b-d91f-bca4-6a7b4188b169
3 TAG 2 114.3535 -2.702805 -6.585371 112.8342 -2.558418 -25.42129  afd42faf-af4c-e9ba-9ea0-f8bf5e815eca
3 TAG 4 110.2872 -4.580833 -18.40815 121.8082 -0.7462234 -11.32059 131.0184 -1.647614 -4.965299 135.4319 -1.706322 -1.125782  27a48b79-d621-1828-1390-992201cb2287
3 TAG 3 105.5008 -0.6126556 -6.093027 111.8114 -1.668877 -2.116584 121.3551 -1.990578 1.348373  daffe859-918b-96bb-57a0-c82857356956
3 TAG 4 109.6395 -4.688835 -13.34788 118.9797 -3.242409 -7.980791 128.5023 -1.168594 -5.57281 135.2294 -1.609398 -6.475874  652e3123-f62c-eeb6-2ae0-c511cc2e9658
3 TAG 4 123.2163 -1.917503 -6.620913 123.2008 -1.5336 -2.230424 121.8825 -2.199326 4.427254 120.5974 -1.077484 9.43219  c235a7ae-6793-ada3-0877-97af1a695ce0
3 TAG 10 71.49712 0.8281097 -27.57914 75.32951 1.569412 -21.30411 81.62852 0.5948334 -11.06972 85.09193 0.8007507 -4.803226 87.16806 0.5779724 -0.4501104 89.60447 0.5485611 1.689985 93.08588 0.05065155 3.85564 97.38084 -0.125618 7.367077 102.9006 -0.1122971 10.81252 109.0572 -0.7148743 15.84683  32499cf1-3215-8819-75fd-d55c9c5c1c11
3 TAG 8 109.9111 -6.450912 -16.55268 105.6409 -0.8626175 -10.75075 104.7632 -0.1482315 -6.529826 104.3244 -0.6545258 -2.850309 103.4265 -0.6533508 0.4172211 102.7715 -0.6105118 4.566193 101.8679 -0.201973 8.778938 100.9866 -0.1844635 14.40302  893dcaf9-121b-94e5-2f91-e191fc481195
3 TAG 5 92.93325 -4.205994 -47.69946 86.89585 -2.885124 -40.19186 84.45111 -2.130333 -37.24879 79.98975 0.6347275 -32.75204 75.8022 1.286537 -26.33836  aa16410d-6f76-0874-ce26-a1f14d8cc329
3 TAG 3 126.8382 -1.190369 -3.575597 128.6567 -2.82579 11.42539 128.1793 -0.3618774 19.88582  a97b5f47-7aaf-c445-5879-e0bbbe5607c4
3 TAG 6 27.22787 3.059639 -22.50596 39.7001 2.497772 -15.84208 49.98828 2.095772 -10.98907 60.94193 1.817291 -3.620194 68.51871 1.48214 0.7487411 70.60136 1.129639 4.629131  7c79b33e-ba3f-10bb-dc29-f84ab9ef5c26
3 TAG 5 12.99748 2.929237 -18.11203 15.39431 2.964005 -18.16023 17.59685 2.880615 -19.52885 21.26179 3.173546 -20.46691 27.68093 2.859024 -22.10826  df713dbf-a352-89ee-0a6f-9dec7ba1f7e6
3 TAG 7 -29.13826 3.762642 -12.19909 -24.58914 3.763977 -9.509836 -19.0781 3.381691 -8.017973 -11.30098 3.465897 -3.308468 -2.840818 3.730042 0.2923431 7.111624 3.519073 4.862939 13.08019 3.526939 8.94284  447466f4-efe1-1ffc-ab2c-774e43386395
3 TAG 3 11.44325 3.537628 5.264003 21.78714 3.32238 10.74091 26.798 3.631218 14.59833  cbcc09f5-9ed4-6954-0f97-c0c4a3baea59
3 TAG 5 28.41467 2.746086 17.52575 37.9233 2.333534 20.9762 42.88251 2.533455 24.15037 48.58222 2.609093 26.93154 57.61185 0.7432632 33.07967  172cb714-9b93-b14c-e0a7-2adc6fbccdcf
3 TAG 3 58.10856 2.103371 30.79928 63.19817 1.556801 35.28865 70.64719 1.340584 40.9156  0f22aa66-518d-c6ee-f4cc-ac3c2bd35c95
3 TAG 4 -15.33134 3.567665 -20.06484 -15.67877 3.528923 -14.00789 -16.15088 3.601738 -4.465521 -16.59479 3.607635 2.345861  9e6b244c-f41e-7ab3-c513-a2158f438675
3 TAG 4 -1.797991 3.628189 14.33333 2.838583 2.62365 17.55855 6.470413 2.532082 19.53562 12.23379 2.28936 24.55634  227429b0-f9ac-bc33-5c98-c088f7d50fe5
3 TAG 2 14.67361 3.134827 28.35327 23.56569 2.784615 33.68692  fbbc8deb-e361-bae8-81d1-edf67dc71e0d
3 TAG 7 21.10071 3.398949 30.92534 26.08263 2.70919 33.52674 32.1687 2.113503 38.10796 37.93797 2.211197 41.85645 47.10329 1.247971 48.77565 55.27208 0.7671432 53.32053 60.8499 1.726967 57.06694  afd5650b-2165-2f11-c382-299ca94abfda
3 TAG 2 20.2265 2.920403 21.3712 28.38636 2.993134 24.85294  7ab7ba6e-bc73-d2e6-3674-b2760c7ecd9a
3 TAG 9 25.84957 2.798477 18.7493 19.65063 2.228516 26.97866 14.72344 1.954216 33.28604 7.448025 3.159363 42.64037 1.449844 3.341667 51.6469 -2.870595 3.144112 58.89589 -6.182349 3.743813 65.3504 -10.81808 3.486572 74.59956 -12.69587 3.399086 77.36974  5a33f9cd-9226-f491-94b2-fedd92e04b42
3 TAG 2 49.2167 2.142509 -0.5607548 38.22058 3.188324 13.24361  26c40841-9c33-1091-ac23-3cc07cac2965
3 TAG 5 41.23184 1.957527 6.242191 33.52452 2.433197 18.01122 24.93657 1.579742 27.07111 21.1022 2.990715 32.86514 17.20811 2.739532 37.53223  ac421227-2e14-5ea8-a82d-4f88ee025798
3 TAG 3 8.935305 2.639748 41.22126 25.42543 2.25972 53.02778 32.22276 2.117302 57.43345  8cf88fae-86f6-32cd-12fa-bae4594b69c6
3 TAG 2 26.31109 2.39666 49.88693 36.7857 1.25898 58.29235  26656e36-4814-7aed-f681-091365f33331
3 TAG 3 32.99957 2.315292 52.62555 40.30633 1.429565 59.06549 48.50788 1.513168 65.60216  452f5a4c-e6d1-07a8-e94b-d4c4254b574b
3 TAG 3 44.26032 1.368874 61.3672 55.67078 1.166924 67.28289 59.94485 1.330673 70.10558  7ac9f9e1-38f7-8a66-7561-67523739c9b5
3 TAG 2 41.56752 2.589752 42.12672 32.24754 2.22541 54.29459  51d98609-6767-db5c-0848-adc80da5a923
3 TAG 2 41.7977 1.788406 45.85751 33.3433 2.261345 55.31719  5a58968e-8a6e-84ac-1f13-c0374e28a7e6
3 TAG 2 8.013618 3.53524 85.07769 29.56284 2.269279 62.77205  94bca776-d9c7-3dbf-4ec6-cebfffbbf8d7
3 TAG 4 35.59998 3.014183 74.36555 33.87528 2.921158 84.25053 32.66482 2.760796 92.31522 31.68891 2.547279 95.66413  ccd2c965-20c5-163b-de7e-1fa85d7dd832
3 TAG 2 59.76255 1.321075 70.33347 58.91038 2.373802 83.66355  1c17fdaa-dc6e-f84e-ac27-08a6c1332f67
3 TAG 2 75.53844 1.505836 63.13651 74.53028 1.940369 79.32063  5cab57b5-be00-10ab-487e-07b449e21364
3 TAG 4 43.18716 2.743637 78.3056 50.46943 2.692581 76.02367 59.7876 1.951942 74.12075 69.15706 1.590492 69.86189  91ff66fb-da9a-29f1-e3be-3b90417e4a15
3 TAG 3 24.07983 1.996193 68.6898 32.75595 2.367554 69.57156 47.02962 2.205437 72.65079  d2814d3c-75e1-0549-376b-ca8caa8a5ce3
3 TAG 3 17.20069 2.665672 34.52805 16.03422 2.67717 42.81567 14.62418 2.418434 51.27306  068dbb72-f353-c1e1-eb7b-97f872e93d31
3 TAG 3 86.81086 1.220245 55.75386 96.075 0.6578064 44.25212 101.9042 0.04222107 38.83458  7eaac33f-6970-bd06-7211-b855150661b4
3 TAG 5 77.5635 0.05683899 32.83641 83.70478 0.6428833 38.45999 90.13306 0.5590363 42.11779 94.62785 1.245918 48.94362 94.54691 0.9730301 54.53016  581793f9-a0bf-5d4e-cef5-f6fe82ca5ebf
3 TAG 7 121.9124 -0.945488 8.254768 123.7786 -1.063393 19.7681 123.0648 -0.691597 29.93547 123.6824 -0.08315277 40.62115 123.2331 1.09269 51.14875 121.9016 0.2909698 60.17726 123.3908 0.2764206 68.93423  d45fbe45-e1ae-9879-e5a2-2143bfa6a407
3 TAG 3 119.7106 -0.4584885 63.39559 123.0225 0.33992 68.57327 126.8719 0.2555923 72.2092  1e54d35e-9039-f5be-3367-9b1db9fbccd4
3 TAG 4 128.3125 -0.6059952 16.35219 123.5895 -1.712898 21.83675 117.979 -0.3422089 29.68327 109.5891 0.2865753 42.53603  e824dd98-ad6e-b8c2-84a9-8ed8d924aa99
3 TAG 2 104.6153 0.2228165 45.02629 113.6428 0.2597046 51.7437  4be8d947-1dc5-eecd-5619-1c0960c08eb7
3 TAG 4 116.9746 -0.259201 39.22608 121.5968 -0.2045288 36.61242 128.1805 -0.7136307 34.08093 135.9108 -0.8265076 31.22542  91c1573e-7c00-b325-2f76-4ec789707515
3 TAG 5 120.3168 0.7161865 85.07063 113.3792 1.121254 94.58602 105.1124 1.122238 105.0327 89.34158 1.096992 125.3123 71.66049 1.708618 146.1486  321f9924-eb7c-5c46-dc9a-b7958b38cde8
3 TAG 2 88.06583 0.9437103 127.059 93.20265 1.580437 133.6396  a432b2df-ccf4-c099-2269-41b1d412d2db
3 TAG 4 105.4643 1.130959 82.94208 105.0246 0.6832199 105.5406 104.7221 0.6480331 125.005 105.32 1.361298 142.0121  584821aa-b101-3928-dff6-fae1ad06a621
3 TAG 6 104.5592 0.8400574 116.9154 109.9782 -1.14476 121.9492 114.2104 0.3265305 129.8901 117.0881 0.3148346 134.3544 124.5128 0.4049072 141.8191 127.9252 1.151016 144.929  e1442c2f-c0a7-7549-6ab1-3ffa53f836fe
3 TAG 6 122.7645 1.642448 77.35197 131.4086 0.3582458 84.47939 137.0146 -0.0717392 87.96133 142.8459 0.1442413 93.02296 146.6997 -0.5515289 98.40135 149.0419 -0.7160492 102.3988  aefc0a47-fccc-bfd3-56b9-f1cafa73a769
3 TAG 2 130.8142 0.3160172 113.6919 138.7082 1.521255 109.7591  77a846da-670f-9019-f4b7-25801726fd81
3 TAG 3 57.9994 2.282455 84.75435 57.76485 1.950768 95.09919 57.31869 2.064682 103.9507  e01b3270-61d8-d68b-59ee-18372e82828a
3 TAG 12 8.842278 2.717186 69.40463 7.67984 3.210487 81.7613 7.722085 3.18618 96.17802 5.005095 3.062569 113.3352 3.160515 2.575432 128.6941 2.544887 2.753471 133.496 -0.3629818 2.413116 143.1986 -0.9455853 1.748924 154.5321 -0.5417509 2.369621 162.7935 -0.9792242 1.495529 168.6096 -3.57338 2.613129 175.551 -4.53607 1.507416 181.7176  2c3ec07a-1d65-1c9e-b683-9f052131b32b
3 TAG 3 -44.58899 4.077644 134.3109 -43.67405 3.301056 121.4149 -42.90928 4.149948 105.8035  0c2da10d-0789-1880-be5e-5e25103c9855
3 TAG 2 -46.04808 3.856026 123.5328 -46.36858 3.692139 101.7318  26f54c7b-2e26-e409-a5b4-b3d86625b062
3 TAG 2 -0.9277592 2.160492 -83.37545 -7.357075 2.669678 -70.91666  967d749e-2cd5-120d-a739-fcc6b61c78d8
3 TAG 2 25.01586 1.227257 -91.11176 24.12021 2.005867 -78.35909  1d796889-7ba5-a11d-97c9-22c58d01ff18
3 TAG 3 14.05006 1.945526 -87.93598 19.47464 1.773621 -81.49529 20.05556 1.924736 -78.09079  04075399-c192-6c11-7c7b-0eeecbbef4a6
3 TAG 4 118.4768 -3.917206 -43.22661 123.344 -2.841759 -32.80705 125.6702 -2.18338 -24.57601 127.7762 -2.056633 -14.90571  5c21109a-ca74-6daa-1092-0c349e6ac578
3 TAG 2 122.5284 -0.9492264 -13.26596 125.5907 -2.053871 -24.96285  9aa157dd-8be3-384a-b476-ec1a66106e8b
3 TAG 2 63.34581 0.6671066 -45.07432 74.99061 3.102272 -39.76967  9d8d4cf1-5b82-be57-1847-009b6839609a
3 TAG 2 13.87357 2.907684 -52.01517 18.12262 2.357506 -47.46232  889cd74b-6332-3496-2f0e-54d64f222347
3 TAG 4 80.72107 -1.18988 -38.97604 90.39844 -2.326088 -33.76286 97.1265 -0.5385742 -27.65545 102.1195 0.1123352 -22.61631  e254fa18-9519-8675-95cd-6d1b36fc923a
3 TAG 2 28.74026 2.021782 -47.66862 41.19016 1.254311 -38.16671  8f32932a-d8c0-a99b-268e-8e864d47767b
3 TAG 2 33.93827 1.712601 -37.10538 37.48496 0.7756882 -40.25435  7067a505-12df-30bd-3fad-a228803af0eb
3 TAG 2 29.6051 2.000809 -46.83115 22.70107 2.611649 -42.88271  8cdb7621-f9f8-36ba-5604-8b7f14c03f20
3 TAG 1 25.56936 1.298393 -44.90603  19c88362-64d3-6bcc-57f5-92f6c72f4569
3 TAG 2 -22.18398 3.544464 -37.60238 -2.832993 3.519966 -39.59625  ca079e29-5fd2-60ad-090d-576c63ef2642
3 TAG 2 62.74586 0.3701706 -44.93397 57.63471 0.2526932 -39.19931  0994ca9a-575f-263c-56cd-0baf9daf479b
3 TAG 2 41.07458 1.336876 -37.76373 57.37063 0.4990234 -39.31416  afd7ef8a-83c7-196e-b1bd-1ec530216c81
3 TAG 2 66.55559 -0.6994553 -47.35759 77.0424 -1.800819 -50.7882  6af48023-41a7-8029-045f-699972bd328b
3 TAG 2 63.45076 -2.218597 -52.01729 69.12669 -0.7895889 -48.4785  26860a6c-6ee3-84d3-b738-4f4bcac41281
3 TAG 2 83.92839 0.6874924 -51.56186 70.95007 1.299789 -62.43487  b8100a82-da0d-0560-133d-3b7e3b4bc6ec
3 TAG 2 80.00765 -1.687866 -71.95617 85.87383 -0.9021835 -60.12476  c013538e-e7b0-a61b-04e1-bd85f4c6b66f
3 TAG 3 68.47478 -0.1849213 -131.8714 68.46591 -2.915108 -116.1895 68.15435 -0.5125198 -107.798  aa590364-66b4-1f49-f6cf-f32d2c7e8785
3 TAG 6 69.95554 -0.85186 -103.3504 82.49295 -1.848778 -94.33699 91.30746 -1.830734 -89.36561 96.23959 -3.793877 -85.34711 105.7704 -1.115257 -80.02032 112.5257 -2.252899 -76.53923  7f86f18e-ad70-3194-d4c8-a4c1980df0b5
3 TAG 3 -19.42721 -1.611282 -185.3559 -19.31201 -1.666641 -185.1543 -24.81594 -0.561203 -166.7545  ccd70f63-d6d5-3826-17fc-0981ae2b05c2
3 TAG 2 1.028742 1.120468 -137.2498 12.31602 1.184143 -140.422  4c7206fa-e460-d621-6d79-e75634004fa0
3 TAG 2 -32.04815 -1.854027 -186.2072 -32.03837 -0.8882675 -174.5097  f5d7f881-51db-e4b8-7327-d578b40c1cde
3 TAG 2 -52.46933 -0.1974182 -164.554 -44.76069 0.1260681 -158.7966  3ee64a88-559c-3800-e894-81f7ed7becb4
3 TAG 3 -39.81627 0.250679 -129.38 -33.66573 1.007561 -124.5868 -20.43727 1.705559 -115.1856  58b09c9d-cf3c-9b44-73b6-5372e5bbb1de
3 TAG 2 -50.12254 2.864044 -64.97057 -51.19229 2.981949 -56.84867  5e9899e8-0690-0e2b-e914-85c9d2a8924d
3 TAG 3 -51.07446 3.013374 -56.87005 -60.14097 1.829903 -47.60095 -70.27892 2.80957 -34.00132  f856a674-38f6-018a-7657-9bf8afcc0628
3 TAG 2 -44.62898 2.795303 -52.4996 -28.12269 3.242661 -57.12429  ec90baf0-b060-18f0-b41e-f3cb180e5aaf
3 TAG 2 -67.3083 3.098251 -57.97288 -78.09042 3.255379 -46.02261  442d862e-5727-0734-5630-3234111f2105
3 TAG 2 -94.16156 3.026207 -84.90977 -89.18253 3.642509 -91.26932  7292602e-fa2e-720f-b3b0-369c8f652aea
3 TAG 2 7.642823 2.685234 93.30176 17.90706 3.15509 99.04613  6f1c7e9b-2071-566c-adb0-00987beee2fe
3 TAG 2 19.27195 2.892616 80.02103 9.723836 3.419487 90.61088  98a2f40d-3971-248a-9507-777074a1dc43
3 TAG 6 -45.92611 2.893677 43.51077 -47.34803 3.282967 53.88062 -47.9805 3.575539 64.89113 -47.95476 3.532463 74.40529 -47.36504 3.497444 83.37892 -48.4941 4.251007 104.9236  e789aede-2bf6-8b3a-8563-263f124e4450
3 TAG 6 36.58094 2.860214 114.6031 28.55406 3.147446 116.4523 23.85039 3.181229 118.4508 15.91216 3.360023 121.3119 5.618366 3.367073 125.0254 3.703895 2.905884 125.5634  4b90ea77-3f43-d7da-190c-2f6deedaeeed
3 TAG 2 18.07558 3.12233 85.4295 15.99899 3.224686 92.84122  32ab39ea-303f-4f98-28d4-0a0dd1c4c14b
3 TAG 2 52.89576 2.041779 148.6548 51.62529 1.681938 178.9895  3985212f-2f1a-252c-6c21-d95e20ed6c40
3 TAG 5 52.27916 1.481232 166.2784 56.3601 1.788475 156.7976 58.30521 1.503693 137.9023 59.95217 1.486031 118.6792 59.78203 1.987778 99.18845  5003a595-955b-97be-e992-bdc2e51aca82
3 TAG 2 -111.7622 3.943008 134.9857 -111.4851 3.073502 166.0658  c0b31eea-8d55-7aae-874d-e0dba52f12cb
3 TAG 5 -73.71378 2.909447 192.7211 -66.16392 3.12394 185.0274 -57.89913 3.298515 176.6067 -51.46391 3.295296 169.1788 -47.38229 3.398994 163.6388  6ccd0830-9367-d20e-c044-de6af37522d0
3 TAG 2 -41.91397 3.418114 168.79 -36.51519 2.796768 179.5334  057e39fb-9a11-ab6c-f65d-3c6e1d8eb3ff
3 TAG 2 -124.5821 4.708405 106.7465 -124.2435 4.679893 123.8316  9127f1c7-f3ab-6d00-faeb-6463d09ef470
3 TAG 4 -104.6844 5.198624 106.9084 -105.8244 4.850418 117.7797 -106.6404 3.884209 131.1742 -107.7003 3.730469 144.4541  e961306a-937e-aa4e-2009-f828336e5d54
3 TAG 5 -110.941 3.250069 166.5358 -111.5567 3.234787 166.352 -101.4072 3.45446 167.1769 -94.14336 3.427887 167.2715 -75.39779 3.643387 169.5605  e0e206bb-c57f-4302-412c-8877ad50593c
3 TAG 4 -22.91681 2.350555 215.8181 -15.73927 2.04393 207.6772 -8.650212 2.114449 199.6436 -4.461181 1.839615 195.806  5ac2b7c1-e0a8-b877-3f9e-ad41cb8c2505
3 TAG 5 -4.601757 1.441383 181.4599 -4.122194 1.175941 194.3273 -4.936279 1.559753 206.2683 -5.251818 1.991821 214.0193 -6.174927 1.907822 223.3085  872dc39d-53a1-04fd-01aa-92d817aff133
3 TAG 3 5.902763 1.214714 203.7326 0.1279602 1.662163 212.9279 -3.901144 1.856255 218.3873  0361b2e0-554b-6215-871e-e51c46b41dc7
3 TAG 5 7.10792 1.53054 205.9095 17.78473 1.418541 189.6029 30.80466 1.554283 173.891 42.65507 1.6567 159.9534 48.32945 1.790695 153.6173  8ba15be2-1ddb-60d9-c7d4-a777f8a9cbfb
3 TAG 3 52.95807 2.147621 165.0398 55.24219 1.708939 173.3368 56.66704 1.738167 178.4301  32b3f4b9-c0d9-5e06-a5e6-c8c04fadb587
3 TAG 3 72.84053 1.724945 148.6269 63.95496 1.66819 160.2697 54.86163 1.573624 170.7264  9405304e-7508-d871-bfe4-1b23869cf0e6
3 TAG 7 70.53641 1.852722 143.415 74.87407 1.827171 151.8936 78.99464 1.548866 161.6288 82.1681 2.131699 170.2711 85.57472 1.090599 179.9343 88.86143 0.5773621 188.5982 93.14888 0.3212814 196.6324  7d975f8a-b1e0-1d25-449a-8122dc5018b3
3 TAG 4 182.3368 -2.308563 57.58709 174.671 -1.738266 66.45522 169.2372 -1.936134 71.89081 166.5501 -1.532516 74.96793  bfe5f424-2cde-25c5-995c-f27af4349639
3 TAG 5 162.6706 -0.07873535 72.88211 171.4655 -1.495285 78.01566 177.246 -1.657928 82.35384 179.9854 -1.212379 84.37445 182.1331 -1.518997 87.31388  bcc353ea-2734-c5db-ed5a-b105fc7dd4c2
3 TAG 9 138.1491 -0.4223938 63.32262 141.8053 -0.1188889 68.95001 144.3082 -0.4698029 73.53671 148.241 0.02477264 78.26498 153.9921 -0.3412781 83.47956 158.6682 -0.6287308 87.84285 164.5193 -1.121735 93.28768 169.4283 -1.570618 97.46289 171.26 -1.506035 98.8922  38aaab4a-823d-d7bb-c260-4f7924e26d2c
3 TAG 4 153.7683 -1.735497 49.14715 154.1644 -1.787025 59.2048 154.7293 -0.8020172 73.90993 154.8835 -0.5280991 84.31987  13feafe4-c4b3-9999-7e2e-b76c6bb1eee4
3 TAG 3 132.2872 -0.3167038 45.91058 132.7854 -0.4821625 55.68312 133.2348 -0.03340149 67.03049  5dff7ea5-326f-7ca7-3ec7-30161596507d
3 TAG 2 141.5569 -1.29924 27.62146 136.3459 -0.7101364 35.14794  2745b070-7df2-fbed-b28e-6397bf272661
3 TAG 2 139.2343 -1.353584 32.21179 132.517 -0.4891434 45.32624  a0fed6dc-3634-3121-3e42-ffe3df732b84
3 TAG 4 123.5374 -0.6851578 26.23234 127.7005 -0.5704727 26.68503 131.3347 -0.6956711 28.82544 137.5784 -1.069801 32.2385  00a2be80-f135-c576-ef60-1bf4f5c967e5
3 TAG 4 179.2654 -3.187378 45.83384 175.0184 -3.217339 49.52136 170.437 -2.847725 54.82835 166.1522 -1.8367 62.27784  d64cece2-7ed1-d41b-e6c6-5a35559663b3
3 TAG 7 155.1768 -1.474968 59.46986 156.9247 -1.791359 58.64925 159.2089 -1.907288 58.46934 162.4485 -2.151825 56.15554 166.776 -2.079681 56.09096 171.836 -2.596786 54.88024 177.1671 -2.317894 53.67381  d173d4e4-c541-dd51-c3e5-ed38cd0f572d
3 TAG 5 146.2014 -2.384552 34.87572 152.1241 -3.39769 39.1484 160.1629 -2.629669 45.67415 167.2539 -2.379387 51.88805 170.3834 -3.012245 54.43434  6152cca8-99e4-c647-8d3d-3e428ce41af1
3 TAG 4 48.67461 2.412552 -3.085533 61.36373 1.82254 7.242554 71.87582 0.9076309 16.00779 78.42937 1.069466 21.41118  4db76cec-358a-1505-da73-729c9672a0c8
3 TAG 2 88.76184 0.7179565 32.08572 100.6493 0.4001007 40.30082  d78e4c59-4d1a-0b74-db1b-2926445d5f7e
3 TAG 4 81.49925 1.308464 20.01945 90.69922 0.6698685 26.557 94.74479 0.8386078 30.95232 98.54971 0.2321701 36.10495  a89f96ae-8c14-33ab-a4ff-123a914f2fdb
3 TAG 2 73.75271 1.580154 23.63051 74.89895 1.571243 32.73586  86c2fad2-94c4-b4e2-eab1-bb6eae9f287d
3 TAG 3 111.4437 -1.327583 13.72917 114.9547 -0.7528687 17.4045 117.7934 -0.3648758 23.31687  c9987fde-340e-1ec8-7db9-2a20029ec90a
3 TAG 7 129.3447 0.4481812 109.693 138.5199 0.3240585 104.1385 144.986 -0.2732391 98.04671 153.1285 -0.5331726 91.18303 160.2845 0.7912674 86.36432 168.7119 -1.245705 79.40376 176.6943 -2.126701 72.05865  e0561d6c-af84-7b47-8e91-575a18cf8f4c
3 TAG 3 114.6653 0.8837738 99.74093 120.9423 0.7145844 103.9366 128.8907 0.4020309 109.4203  4c9a7882-bb87-606f-75b3-27f7e0ed0f1a
3 TAG 2 129.0295 0.3968735 109.3494 131.927 0.3115692 115.8427  b4a0ee99-1667-2cfe-f376-7844cfca19ca
3 TAG 2 -21.94777 3.702965 76.04445 -8.233513 3.46447 79.59502  96d85c70-3705-af5c-c897-03afbe2fc0b0
3 TAG 2 51.75999 1.821114 114.7117 59.4006 1.56118 119.7999  52aeed61-a485-7d68-3bd1-0a67075350e6
3 TAG 4 70.78144 1.573074 119.0532 71.17371 1.482109 105.6992 71.91552 1.660812 98.40527 73.77673 1.731361 91.51318  68e876d7-97c2-ac68-05e7-41c2bc4af5d4
3 TAG 2 80.14481 1.634636 100.7849 70.89574 1.298302 112.254  bf7059e3-fb3d-cf24-f081-7df7fb79a3ae
3 TAG 6 64.28294 1.628471 70.14043 71.59325 2.023994 74.94173 75.72728 1.950371 78.35754 82.60863 1.630577 85.53995 92.25117 1.297913 95.77544 98.69065 1.136917 103.4138  eba20c42-ab8a-e3fe-62a3-728fb3fbfa65
3 TAG 2 98.70876 1.127274 103.362 104.588 0.8214493 105.1257  b10f80c2-7e3f-d06f-e543-8659424db125
3 TAG 2 53.83309 0.1530151 -68.77833 52.18655 1.251465 -59.777  a74c5559-32d1-1526-7d2c-066c1f79c937
3 TAG 2 54.59155 1.080177 -85.78488 66.30038 0.6021271 -74.57438  2184e4db-9295-361d-2a27-6039f2ff9363
3 TAG 3 69.63191 -1.593468 -97.40825 81.69151 -2.40313 -91.17104 98.02483 -2.46656 -79.66035  8b1cc70c-b58e-9f6d-84c4-5c61ac59df58
3 TAG 2 135.6301 -3.210426 -62.10742 132.3508 -4.563339 -53.24967  76bf75d5-5c89-3cb7-02e6-a867f036e094
3 TAG 2 130.8158 -4.58757 -53.00211 127.0386 -2.8433 -40.6949  d4969642-bcf0-fa2e-f85a-9a17fa686fad
3 TAG 2 127.9318 -1.209579 -30.48346 141.7154 -2.922401 -17.50768  64002ad7-a33c-244b-c952-07eac75718b3
3 TAG 3 134.6388 -3.84404 -31.11306 141.567 -3.373047 -27.05821 148.0422 -3.189522 -26.74865  592b34df-e345-645e-8273-bcd2bef5fe1e
3 TAG 2 141.9703 -3.378456 -26.81301 145.199 -2.901283 -22.9755  f9c07f73-fc15-3159-8df3-29eb8a269ce2
3 TAG 2 102.8388 -1.497299 -43.23784 94.01582 -1.392624 -40.2991  f20ab035-d577-1102-0eef-2ee41732d300
3 TAG 2 66.2356 1.498268 -35.04443 86.29358 -2.301407 -42.0773  ff6f6044-9f3c-ef72-b8e4-4f2b1b48f8c3
3 TAG 2 -29.26249 -0.7364502 -166.1266 -29.54497 -1.042068 -154.8496  b30be8b0-e72c-4689-1263-40b101e16c3b
3 TAG 5 -156.8922 1.860748 -150.6495 -149.3282 1.494545 -147.9695 -142.817 1.033562 -146.8001 -135.4532 -0.4010773 -147.8163 -130.2022 -0.1463165 -148.1743  8d0ccaff-a952-1ca7-9f64-4e53575921db
3 TAG 2 -134.0076 0.4205246 -136.1692 -121.2055 -0.08682251 -147.2925  92d4dc86-93a3-cc00-f19f-66ed7c91d8e4
3 TAG 2 -75.82069 -1.567505 -181.4759 -67.16841 -1.446114 -177.9733  4feda23e-477e-6b75-f9b2-c957488757ae
3 TAG 2 -88.00147 -1.102386 -195.7297 -81.83237 -1.689026 -193.5603  d12ac5ff-3d1f-106f-0217-91911a9c11ec
3 TAG 3 -37.62497 -0.4900131 -166.9848 -25.40448 -0.6808548 -156.4893 -18.2707 0.499382 -152.3643  0957f4fe-ca42-09fb-f2ac-554b0e571e84
3 TAG 2 -68.04184 -5.039253 -214.7195 -63.48 -3.786949 -214.2884  731bec74-0fa8-0e76-3853-f5c243a28b09
3 TAG 3 -72.9846 -2.879196 -220.2744 -73.03345 -4.01368 -212.8185 -71.51041 0.08746338 -205.1243  9a70e9ec-e948-baa6-4050-cf2c10d0d300
3 TAG 2 -107.1097 -1.914177 -190.0591 -97.84187 -1.840919 -186.0646  45e14f3f-10b5-3d34-5394-6452e664b1f2
3 TAG 2 -171.3293 0.8383789 -179.9829 -165.2596 1.070999 -174.5507  f29de823-281b-ab12-dee7-f58aed6f6f88
3 TAG 2 -54.16114 1.76683 -125.8311 -46.38039 1.61042 -123.219  9a5cf371-d757-a5ad-76fe-9d2061394dfd
3 TAG 2 -55.93886 1.319939 -123.4635 -49.16785 1.415718 -117.7365  ce8c1674-f046-d20e-33ec-d1689226ff32
3 TAG 2 -60.77418 1.9506 -121.5763 -57.16406 1.531517 -114.3365  57db6af3-acbf-4375-bb2e-c9a4290e07cd
3 TAG 3 -43.38198 1.57444 -107.6842 -44.90543 1.565125 -100.2003 -44.72328 2.331276 -97.06886  86460fbe-50c6-dc3c-b684-7c4b4900a41a
3 TAG 2 -47.95432 2.317719 -75.86943 -29.06867 1.26535 -91.53166  c2217984-e9f6-af26-dceb-a3990a23ed54
3 TAG 5 -141.7533 4.499245 59.03657 -131.0026 4.607849 60.20766 -117.062 5.177963 60.99097 -104.3145 5.095886 61.78811 -91.11258 4.643517 62.96817  82075041-cf1b-40a7-b19c-11fd0bd9ed1e
3 TAG 3 -141.0653 3.531059 71.5759 -131.2208 4.664597 67.71366 -123.0791 4.800735 63.23728  3513b830-84e8-2102-aea5-58739ef58fd8
3 TAG 3 -144.265 4.821831 60.9886 -118.153 4.751831 62.52467 -101.1765 4.877037 64.65028  78d52048-846e-792f-a035-bb47a608c173
3 TAG 2 -154.4669 4.949089 68.27062 -154.883 4.793472 82.19939  55f0a307-42c1-7273-d8f7-23a1d269f13d
3 TAG 7 -105.1963 4.713799 113.0789 -92.01315 4.628906 110.8277 -81.22262 4.489052 110.0368 -71.98869 4.850922 107.4889 -61.03196 4.406029 105.0855 -46.75364 3.935867 105.0409 -43.76771 4.156479 104.733  37216f98-76ec-afbf-46d4-807f8185256b
3 TAG 2 -74.54209 4.971512 112.1487 -74.40919 3.742844 95.69427  e822d39e-6685-aebf-cec5-2f0987339cc7
3 TAG 4 -153.6689 6.13221 132.5451 -151.5313 4.853523 137.9442 -149.2833 4.423218 144.8228 -148.0303 4.204384 146.5585  c04c0fe7-24dd-28b0-bec8-4f48ac0c6d66
3 TAG 3 -61.5624 2.959183 192.5121 -60.15395 3.290283 168.6573 -58.41901 3.753502 148.7004  ff86f35a-a2dc-8bf1-74a0-c3b16ea6d8f4
3 TAG 2 -46.15636 4.043922 139.3016 -46.07807 3.546486 152.9646  720b94ac-face-18b9-dd66-c600a2500fb6
3 TAG 3 16.50737 3.011238 98.09911 33.12546 2.384933 86.45032 38.90128 2.769547 84.36738  37a2a6f1-ee53-397c-cfb8-1b37a1e34997
3 TAG 6 105.3473 1.282486 141.8103 105.1225 1.30265 141.8004 106.4158 1.023041 151.8093 104.3778 0.9615784 165.7505 105.7078 0.3516006 179.0442 107.3484 0.2259521 195.7119  bcef5bd5-0547-f6d0-9472-7272a78340e3
3 TAG 3 106.8442 1.025459 153.014 112.8968 0.4095688 159.0105 119.3752 0.2176208 166.4969  b8a33732-034b-2787-c223-9876ee6c7a14
3 TAG 3 98.0843 1.510872 148.8802 105.577 1.251419 148.1112 112.6715 0.9682846 147.8292  794f3793-fac0-1582-1477-611fd4e1b93e
3 TAG 4 135.7986 -0.01390839 70.69361 135.6353 0.02753448 70.6404 129.1604 -0.1105804 61.42591 122.6994 0.1126251 54.84226  6fe9b604-5e3a-03dc-cbb7-f56ad9a18e9d
3 TAG 4 139.0806 -0.2649536 69.44363 121.9042 0.1329117 47.55869 115.5368 0.5739594 41.63207 112.3715 -0.7752075 37.93789  9ddc855d-a223-545e-c56f-971f30c13719
3 TAG 2 101.255 0.6433563 57.16452 114.9888 0.795639 41.24793  5963dd80-6a40-72dc-eb6e-bfbfda8a812d
3 TAG 3 71.672 1.33535 110.9294 75.09911 1.932541 89.73337 74.661 1.880112 79.11571  fb6689e8-1888-b9b9-f6ba-06a9752ff7c1
3 TAG 1 -176.5861 -0.2769318 -213.736  2c60d6c3-1033-7e77-3b74-8a3a9d02f878
3 TAG 1 -176.8909 -0.8780899 -205.7025  480eb540-d399-b02a-1a63-b225b479eecf
3 TAG 2 -176.5976 -0.2693634 -213.7862 -177.2809 -0.9647369 -205.5152  e7fa28dc-4b42-4647-5c31-a51d1602157a
3 TAG 3 -181.4871 -0.3111038 -200.1736 -172.8674 -0.5731812 -198.3435 -163.0823 0.8032608 -196.6261  d0ceebf4-85eb-f64e-a209-0e7f0bea2910
3 TAG 2 -186.1855 0.341713 -203.5128 -180.2433 -0.1130219 -200.0045  8ec6cadd-5be6-a0f0-1696-c517e0e4794e
3 TAG 2 -139.8199 -3.140411 -190.7187 -130.7124 0.009346008 -188.0788  b10ec188-0572-fe90-75b0-eddc07fd7bde
3 TAG 3 -17.88666 1.162361 -138.0005 -15.06868 0.882988 -131.5071 -12.92944 1.235641 -125.5001  4d45d4e2-f1eb-f2e1-5819-f3bc044555f9
3 TAG 2 -19.79384 1.080307 -136.2179 -12.77349 0.9332047 -132.9417  2cd560ae-a692-4e38-bb5b-ab752a874279
3 TAG 2 -12.32648 1.429016 -115.419 -12.27584 1.668968 -124.3114  f8e798cd-c0c8-2ad1-0a68-6aec56bd1e7b
3 TAG 2 -1.0502 1.411949 -101.5903 -12.32763 0.7412949 -114.6572  3016ddd4-f9e5-c017-3a06-8a4fa3736a82
3 TAG 5 -74.95245 -2.450043 -193.279 -75.16713 -2.29879 -193.3007 -63.88668 -2.642769 -194.3391 -53.29566 -2.075935 -194.6539 -50.55232 -2.264114 -195.1047  02d64c65-12aa-aab3-7aa4-3975332bc09c
3 TAG 4 -66.0765 -1.925255 -189.3755 -55.43996 -1.270226 -180.7951 -43.8396 -0.1698914 -171.3495 -37.57899 -0.3120651 -167.0943  4be26cd8-c551-02bb-beff-40c405929536
3 TAG 2 -93.69064 3.071014 -82.08732 -88.12254 2.564034 -79.86394  96f231a0-80d8-46d1-f82d-3ac2dbbbcaa7
3 TAG 2 -89.64807 3.552979 -72.69994 -87.87267 3.316353 -81.79067  27484a53-a9f5-2c6d-44f9-022b3ec46440
3 TAG 3 -90.01314 3.350502 -26.97457 -84.66327 3.644989 -22.83678 -79.29814 3.762573 -20.63313  c677380f-608f-0599-cd41-175522b2ff92
3 TAG 2 -104.7318 4.291809 4.232473 -99.03202 4.064529 -0.9035301  2f373fea-56cf-d65f-d835-7cbee23eb3e6
3 TAG 3 -121.1906 4.674324 19.84857 -115.226 4.077179 14.59361 -112.2251 3.811836 10.40509  1dbd9b14-7b5d-f113-6641-79eb235145a0
3 TAG 2 -159.2511 5.381897 -0.02536747 -153.6294 5.031815 6.541073  c7c18dc0-37e3-41a7-3498-04e01b48e0af
3 TAG 2 -152.9249 4.962265 7.2081 -144.214 3.907806 12.64491  441eeee2-751d-f62b-dd4e-b1f6df6d4e33
3 TAG 4 -144.2479 4.135941 18.78617 -141.2618 4.271881 27.21523 -138.1083 4.308815 36.04755 -134.9294 4.420372 41.20332  d18d4a33-e64a-8774-4294-98a335f33a35
3 TAG 2 -132.8535 4.202942 41.00797 -130.5696 4.403511 47.99762  1caf4032-ad81-24b9-477e-a09f6163d3b0
3 TAG 2 -130.9918 4.190765 47.58688 -142.5198 4.979446 54.70644  e86983a1-e79c-b6b9-0378-7cfb120208da
3 TAG 2 -97.72195 2.678024 -29.46452 -90.54384 2.247955 -29.15718  6ecc892b-92af-3d5d-e3e8-df345f5a122c
3 TAG 3 -107.2659 2.113266 -43.58802 -107.4146 1.968239 -39.11355 -109.3434 3.722137 -33.76209  12354992-18f5-3996-0b68-310ad40fd241
3 TAG 2 -121.0385 4.218735 17.43678 -113.9313 4.246796 20.45232  b1c00ca0-6883-28d6-8adc-2b2b1aaa8eee
3 TAG 4 -118.9656 5.479652 107.5944 -112.5814 4.946327 104.4286 -103.5286 4.694084 101.7401 -101.8621 4.550423 101.2051  5e93d145-7efc-78a7-041e-e8af9a82b847
3 TAG 6 -104.6533 5.182236 106.9221 -95.76493 4.97818 106.2708 -89.78255 4.753967 106.3378 -81.64302 4.83419 105.56 -70.33908 4.713081 104.5575 -64.22066 4.615311 104.1961  fa8d36e8-8476-f534-7b08-58e2a912778d
3 TAG 3 -82.80727 4.859482 104.1054 -75.07826 4.643585 103.9998 -69.35925 4.566605 103.4606  da4104d8-1b24-750c-b59d-90f0cf60959e
3 TAG 6 142.3135 -1.81337 22.99332 141.5094 -1.699463 41.63314 140.9214 -0.7901382 52.40187 138.7858 -0.8329697 61.84186 137.0896 -0.2255859 66.00581 135.7042 -0.01978302 70.8573  af2824b9-8a6d-d43c-d795-da722b7f14b7
3 TAG 4 119.235 -0.7667313 31.10431 126.0206 -0.756073 34.58791 131.6626 -0.452301 38.37124 135.1653 -0.956192 39.51051  fdd94e84-c045-143b-9556-9b30bc12c0f4
3 TAG 5 136.3613 -0.7065735 34.98094 130.8477 -0.3837814 42.95042 125.7153 0.8637619 48.79605 122.9096 1.800911 52.16167 121.186 0.3054733 53.36533  53fc7503-cdd2-df35-584f-0cf91d71c395
3 TAG 3 115.1745 0.9219055 90.40833 111.3904 0.6752853 94.33415 105.2258 0.9991302 100.9346  df01d3d4-adf2-4c4a-bbd6-e1cd9ab94ee2
3 TAG 2 175.0876 -1.569237 84.3443 169.916 -1.249084 88.00705  724276f6-db82-1d39-3ac9-253dd784f5a7
3 TAG 2 172.5441 -1.4888 89.07854 176.2814 -1.7556 93.452  89361815-dd23-d599-d131-ba83520b6859
3 TAG 5 99.0141 1.233055 77.85518 105.4644 0.9760666 82.27718 108.1255 1.867432 84.88205 112.3081 1.260323 88.73048 115.0052 0.934433 90.5142  51354037-f742-054b-9f86-6bbb12124ce8
3 TAG 6 120.7454 0.1692886 114.3466 119.894 0.8682785 106.7024 120.1667 0.896019 103.6571 121.0615 0.7496567 100.7382 121.0913 0.8204269 97.2725 119.4768 0.7964554 93.6894  d79ce2ea-0f70-fd6f-1a06-ed72661d816b
3 TAG 2 121.1432 0.8205414 97.29472 124.9327 0.4578857 95.5605  33a708c1-1c12-c486-9310-1aff9208f16e
3 TAG 2 121.8993 0.9117737 95.19334 126.9451 0.5641708 94.32034  1d05d70b-dcbc-42c0-9405-a7738ab39a7b
3 TAG 2 124.3744 0.722374 96.07914 123.5324 0.7879105 101.5989  c951e303-445d-2c82-348e-88ff09d8f971
3 TAG 2 127.5194 0.4281616 94.15848 126.2765 0.8056488 101.8537  68c11223-9da4-8cc5-c5c2-13ba2e09a14c
3 TAG 2 127.6002 0.6950989 95.27544 134.1409 0.4793243 92.18355  2da5b0a5-969f-8221-edac-ed9ef3205d50
3 TAG 2 126.3519 0.1167374 120.4342 128.7896 0.5771255 126.7445  0867f5e9-66fb-a16c-f85d-0ad5b660bc94
3 TAG 2 111.3999 1.459984 87.82525 117.7478 0.8656998 85.48665  493a9e99-3ff7-7aa2-36c0-e7967b8208e2
3 TAG 3 119.4548 0.808754 86.5588 126.356 0.4711304 88.99329 132.0734 0.6040268 92.53434  6f8024f6-aa1c-5a59-ecfa-1506a6c51564
3 TAG 3 132.5928 0.3472824 92.95721 137.1179 0.5034332 94.92448 142.948 -0.001998901 98.84338  d8e730bd-6c8a-c5b7-a95b-30c3e9611a57
3 TAG 2 113.5906 0.9645081 101.7843 111.3937 0.8668671 108.2968  23ed7b91-28a9-5cb6-d872-13b1b8225f3b
3 TAG 3 101.0517 1.144249 70.83877 106.3065 1.011703 78.85545 108.9033 2.000534 82.66564  cda0b890-58ec-ab1f-8614-6c7b278697be
3 TAG 3 104.7347 0.9603806 76.2719 107.824 0.8722763 76.02609 112.2472 0.6670532 75.95865  16f5adfe-e594-c98b-c3ec-c4883c02305b
3 TAG 4 109.6451 0.7681046 75.63583 117.4024 0.5658417 71.69292 124.2959 0.3197479 70.01733 134.7755 -0.06299591 69.79184  9dbb1745-9d59-f7ed-0e76-4754121dd914
3 TAG 2 146.0285 -0.2635956 87.86888 151.0996 -0.4166946 91.69219  22c15091-4ced-7ec9-12cf-b7bb3cb1561f
3 TAG 2 146.7069 -0.2912827 84.60551 151.425 -0.4999695 87.77124  b0a2473b-5482-ffd8-47ef-63fdfc6b709b
3 TAG 2 132.8136 0.2310104 76.16444 137.3942 0.4583511 79.69402  4427f6e5-f9e5-42a2-75d9-45a6fa725718
3 TAG 3 174.1732 -1.306938 87.19255 175.662 -1.756477 89.44735 177.1106 -1.656342 93.34914  3063eb80-8056-0ed9-cc30-c942b8ef973c
3 TAG 3 176.0452 -1.416039 86.5923 178.619 -1.600517 88.54091 182.0774 -1.549965 90.22348  aad189c6-9362-a4a1-0b8f-8a9d30012940
3 TAG 2 179.5025 -1.399277 94.12124 176.0147 -1.332603 86.02696  ce6787e0-9747-657c-1f65-d028d4f6681e
3 TAG 2 138.3141 -1.10923 33.5462 144.9077 -2.296906 35.16525  4203f06c-a6a0-e21f-fb69-dfa0718ae813
3 TAG 2 131.813 -0.5876312 31.89187 138.0122 -1.262665 34.19149  13fe9fc3-d935-e9c8-282e-b5f7114fecbe
3 TAG 2 144.2422 -2.164948 24.91968 143.9805 -2.430672 30.50992  e509b3b0-4d1e-58c8-bbc8-94f262c86703
3 TAG 4 141.3532 -1.604179 44.05249 141.3703 -1.571602 43.87646 143.3447 -1.690338 47.12423 145.8396 -1.751549 50.61418  86ebd0c1-a809-fbb7-ed31-a8ba27c1b773
3 TAG 2 157.866 -2.963791 37.69833 158.6125 -3.235474 31.88803  375906ab-4133-fa61-ec40-906c7fc427c8
3 TAG 2 141.7914 -1.902588 30.96348 156.4371 -3.445763 30.28067  295fd65b-4d8d-8344-65d1-1b3aff7e745b
3 TAG 2 162.5271 -2.35289 51.61415 165.7634 -2.22818 57.47386  ae0bcbc7-79e9-48c5-66f3-04a7badea75a
3 TAG 3 166.9917 -3.614761 39.68111 171.109 -3.586075 43.95387 173.7007 -3.337082 47.20259  60e5259f-b5c9-954b-65e2-4a77733d2189
3 TAG 3 148.8847 -1.755302 50.23261 153.3693 -2.100624 53.16782 153.7776 -2.011192 53.48059  ed0208d7-ac3c-842c-4f44-d00c5be54d17
3 TAG 3 103.3018 0.5437775 26.5962 102.9052 1.17112 27.32467 113.8464 -1.070679 17.04237  bffe164f-98a4-5bd8-254a-fd4e8bef9e27
3 TAG 3 88.5659 0.1649094 53.14452 95.51208 0.8854446 62.16548 100.6381 0.9578705 68.94083  706a9919-a3bf-9ed4-3b9b-87da50849b20
3 TAG 4 149.6828 -2.443115 37.97454 156.7236 -2.524261 46.97516 160.6828 -2.352699 52.92244 165.6572 -2.059708 57.87469  cfdf1828-2fee-cfd5-ec11-0cda84f14e25
3 TAG 2 91.19695 -1.719086 -32.74215 86.46479 0.5594635 -23.28108  3f29a8c9-98d9-df8f-69f7-5c625a34b49d
3 TAG 2 77.46268 0.5760803 -32.02146 72.1151 1.530457 -24.05981  3305ccaa-2030-6512-1178-310a0ee5ebef
3 TAG 2 93.8452 0.2739029 -24.73544 100.843 0.1108017 -23.3147  1d97be54-f5c5-a97f-9b83-27d4622a5c1c
3 TAG 3 116.5225 -3.811317 -46.70391 133.9039 -3.553322 -36.26289 147.0866 -3.117966 -27.03395  49972dfc-8c25-0a76-cf6a-57c097eb941c
3 TAG 2 120.8757 -3.213593 -71.78767 131.9314 -3.904121 -67.04503  d2795735-5f8d-b139-b0f0-483a3d26cb5a
3 TAG 2 126.8849 -3.826019 -65.41808 135.1621 -6.208092 -73.85481  1ac8d9b5-6657-3d77-56bb-2ca5366c2f6a
3 TAG 2 88.64469 -2.602371 -102.4263 98.48685 -3.37812 -99.37143  1bbdb57d-43d1-a8af-860f-9a63c489b41e
3 TAG 2 78.21119 -1.652748 -112.3458 87.83899 -2.488281 -106.7913  791f42d4-0c49-3a4b-3b51-599e58833311
3 TAG 2 111.7483 -6.645241 -109.4567 115.3511 -6.54805 -94.77689  4187d168-52a3-0935-47ba-0ed45c1b4787
3 TAG 2 -9.294656 -2.524345 -185.6747 -10.92633 -2.36895 -172.7119  94645b28-6b04-21b2-f1b7-56ad7838d4f3
3 TAG 3 -183.2783 2.828262 -145.4612 -176.6284 1.346565 -141.3351 -166.8402 2.770828 -136.3002  cd337905-a5dd-c92a-fb0b-de5fcd17a985
3 TAG 3 -171.4297 3.155083 -134.8256 -163.4444 3.263229 -133.3431 -159.2386 2.697945 -131.7018  251dec05-f7ed-9385-6c38-790d6b2033e7
3 TAG 3 -179.7577 5.093124 -96.21162 -169.0766 4.82061 -96.32277 -158.17 3.29718 -93.72369  7b365960-bbe5-b3d4-e4a2-21347f7d4c42
3 TAG 3 -155.5758 4.292442 -87.12706 -145.0095 2.288528 -85.05686 -136.422 2.520912 -85.16235  35537698-b024-a5a1-b1bf-a1d4ad4aa6c7
3 TAG 2 -122.8063 3.244301 -72.29881 -121.0954 3.783806 -76.14287  096dcb41-331c-61bb-7489-3a24a05460b0
3 TAG 2 -117.6355 2.714981 -94.21375 -118.0144 2.436821 -87.15945  eb38e111-33d6-5935-9d4c-ce8f33e3903e
3 TAG 2 -103.2316 4.24939 -6.198031 -104.246 3.92514 -0.5828314  8f26ab76-6610-725e-9218-687e3f02c8c1
3 TAG 4 -149.2622 5.349556 65.41979 -147.8332 4.906464 54.13227 -146.6093 4.558182 43.11428 -145.6341 4.718796 34.1946  05010e61-9a57-f5be-bfd7-28c69ef02c51
3 TAG 2 -179.0393 6.186691 54.75497 -171.392 5.734673 51.63035  5ea7bba8-be79-d6a3-8825-98cb90e90a14
3 TAG 2 -170.6464 5.752609 52.16321 -165.6187 5.963295 55.96804  e59f3ed5-4cb0-ae3e-c10d-ca772fe30c05
3 TAG 3 -165.1387 5.920853 56.0302 -156.2942 5.238609 53.3915 -147.6868 4.97789 50.07142  c5196ce5-0f40-2ad2-e4f9-884657fe599b
3 TAG 2 -147.0083 4.693275 49.03127 -142.5319 4.8582 52.67686  d80dd250-fa55-cb03-eca3-fed002b4688b
3 TAG 2 -153.1991 5.306671 61.99604 -142.7907 3.778679 70.33557  d0b425bd-0e68-39ab-e6f0-feaf36d3e90d
3 TAG 5 -152.0848 5.454399 78.95473 -148.1814 5.156357 87.82978 -148.6603 4.998062 95.38676 -148.6595 4.555977 101.7159 -149.531 5.022415 104.5174  c7bb4895-d76f-e5f5-c8cf-0a030bf60b4a
3 TAG 2 -141.8513 4.012947 152.4475 -119.244 3.189934 151.377  cd7d0967-c61d-4309-1325-b7cf3cb1c61c
3 TAG 2 -4.258057 2.211983 155.6697 -0.8160934 1.791397 165.2043  9b835338-cc0a-89ea-a3d0-64c421dd57d9
3 TAG 2 -15.09739 1.878761 182.2839 -1.518089 1.440575 172.3389  2c5768c5-15ae-de8f-d213-3e102a44c17b
3 TAG 2 -48.83543 3.026321 40.96935 -29.83277 3.187805 46.21848  26a8f282-db3f-e3a6-531e-b2283e57970d
3 TAG 2 -54.19708 2.863998 38.49717 -49.05542 2.701157 35.2487  e3d45970-6153-bd49-bbef-d46f366e1a0a
3 TAG 2 -14.31384 2.816078 28.26054 -6.235379 2.980774 29.49042  12667f57-86d1-7d11-a03c-86ad24984360
3 TAG 2 0.7544317 2.906403 32.27061 -6.333972 2.994072 29.44148  bf050a84-efb4-847f-62d4-6c291a26fc83
3 TAG 3 1.748085 3.327553 34.87425 10.18037 3.259491 40.21669 16.54081 2.63163 43.79148  cd93631c-af4d-bcab-0c3b-85e09231bf06
3 TAG 2 -57.49516 3.102333 -77.67662 -45.53262 1.710365 -76.5992  a9285a02-571a-4c82-106a-d6d37436292c
3 TAG 2 -15.88538 2.603371 -73.87091 -7.848969 2.497971 -70.72504  1abcc51b-92c7-143c-2fd0-05d957aa691c
3 TAG 2 -59.75245 1.456398 -108.3807 -52.73317 1.065285 -110.5481  070c0caf-d796-6d05-fd57-07a9ed9c5cca
3 TAG 2 -52.94561 0.7565384 -110.4276 -47.8437 1.351303 -109.0884  58114cec-03dc-101f-4943-7beef0a4dffb
3 TAG 2 -47.8433 1.722305 -110.9972 -44.1764 1.520966 -105.4324  8f8820ee-52e5-33ef-87ee-7c45f2f5fe06
3 TAG 4 -60.63809 2.414063 -124.3586 -50.15636 0.7583771 -109.8162 -54.1551 1.90136 -122.5739 -55.64921 0.7815628 -127.144  79d9c4d8-e450-c8a2-f180-f9f0976d2ea9
3 TAG 2 -69.83277 -1.016846 -147.6159 -55.63017 1.109604 -127.3872  1a4e092f-ee3d-4057-8958-d44668feac9c
3 TAG 2 -66.1333 2.514084 -126.2196 -68.96617 1.89637 -119.4272  7fdf2c5f-fbcf-0647-8a1b-b706c45d5f96
3 TAG 4 -81.18214 1.206421 -129.5204 -69.60696 2.294456 -128.0441 -59.66935 2.355186 -125.7839 -54.23021 1.713776 -125.689  5b41fa30-4dea-f798-46c6-1f0c68cab1e8
3 TAG 5 -17.92283 2.482674 -87.60951 -16.222 1.706833 -92.73451 -15.93178 1.581909 -101.7083 -15.15241 2.086327 -107.1189 -12.26251 1.746986 -112.5555  a60ff712-f843-1b10-c56a-0d21e6804b16
3 TAG 4 -12.01296 2.851875 -73.06613 -11.65113 2.516716 -89.3066 -11.63594 1.77713 -104.4957 -12.20148 1.461197 -115.2882  d8d5bfae-4459-91d5-233c-63ac44882912
3 TAG 2 -0.6224117 3.527893 -32.94607 5.080917 3.177917 -40.36907  621ef93d-1941-7604-f623-a1d9d8f64759
3 TAG 2 19.07917 0.8675385 -129.0013 17.22675 0.492485 -123.3744  23ad2b06-0285-07d1-4b63-a2a814530dd0
3 TAG 2 33.54456 -0.4882278 -141.0316 28.69787 -0.7793198 -133.5705  9de56120-f67f-51b7-aef2-ddb71973b388
3 TAG 11 24.43509 -0.5728531 -144.8647 32.0843 -0.787384 -139.2184 39.74958 -0.6897202 -136.3071 49.36617 0.1865616 -132.7 54.92772 -0.9865952 -130.991 60.41281 -1.492393 -127.3962 65.50099 -0.7762222 -122.2593 68.27371 -1.941956 -120.5384 73.14769 -2.455887 -117.9734 78.85606 -1.733292 -114.6242 83.60031 -2.867867 -111.8576  068a6eb9-d87f-f1e3-47ef-03f9e8591bd3
3 TAG 3 10.55754 -1.203865 -159.7718 12.97876 -1.055977 -154.616 14.57183 -0.3226852 -149.7395  1f86988c-2512-85a7-3d3e-e12d39bfea34
3 TAG 4 12.28852 1.177849 -140.3482 17.12112 -0.2363968 -140.958 21.17594 -0.376358 -142.9983 24.32396 -0.5782166 -144.8082  5047987e-399d-138e-da80-29b77a1cb78c
3 TAG 4 19.39595 -0.7480087 -163.9946 20.72493 -0.5323563 -158.9788 21.12697 -0.3857803 -154.0059 21.01574 -0.3804169 -151.0639  baff82ef-0c82-70c2-8f30-1214e2580cdb
3 TAG 6 32.55337 1.0569 -121.9531 35.1403 1.185509 -120.4072 39.01965 0.9951782 -119.502 41.35663 1.023621 -118.2523 44.28623 -0.2997742 -115.9937 45.31517 0.6187515 -115.0753  a4854d61-3990-b21c-3bbc-d1f80d36940a
3 TAG 2 -27.41216 -0.9957733 -158.48 -19.02434 -0.3930435 -160.4196  caee084d-f11f-318a-dafc-675fdfe8292d
3 TAG 5 12.78309 2.332024 -103.1435 1.737041 2.218353 -97.73343 9.496287 1.315132 -96.98047 14.67787 1.194145 -95.33122 15.93976 1.604218 -94.86027  c4665a88-e933-7975-251c-4078b09ca169
3 TAG 4 12.88984 1.765076 -99.87909 18.91312 1.276016 -91.69377 21.49387 2.16954 -88.79467 24.24176 1.713501 -86.94597  021b8e63-0b8b-9429-4a18-e0995dca34de
3 TAG 4 14.08093 2.597794 -68.74773 20.5163 2.705292 -61.38162 23.5086 2.580162 -60.43541 27.54683 2.709366 -58.04836  f3a2e653-de98-dc3f-f0e4-35863dde7ab4
3 TAG 5 -64.27918 -0.5614548 -164.5265 -51.2332 0.1537933 -163.1571 -41.95435 -0.03675842 -162.3451 -33.63317 -0.7957382 -161.7466 -28.90842 -1.457703 -161.6638  4bf24bbd-b7e9-9842-a47d-0888706fff20
3 TAG 6 -21.95888 -0.817894 -160.1211 -12.87717 0.2267761 -154.3668 -6.511651 0.7324677 -150.8047 0.853775 1.072456 -147.5185 9.005091 1.409737 -142.564 11.69473 0.8921127 -140.4546  156cc899-896d-428f-2d2e-eb2562465e32
3 TAG 3 23.65778 0.3420792 -137.326 28.28331 -0.7095947 -134.2748 33.18578 0.8976822 -130.6278  d60d35a5-f7e1-2bf3-7bd9-89f1d6e0ae5a
3 TAG 3 96.44099 -2.514091 -91.49686 102.8932 -2.901543 -90.57681 105.0125 -1.565056 -90.5882  579ecf4e-ce47-0d6f-a091-5279c920f7a0
3 TAG 2 131.9244 -7.806465 -83.70527 123.5034 -5.789825 -85.18645  e3c0dbbd-4bc7-33ac-6582-7ad252368642
3 TAG 3 111.1375 -2.846504 -62.92359 111.4462 -3.176888 -68.75404 111.8573 -3.77729 -78.95385  bc403b64-71d7-61c8-9ba3-ea5176ef37db
3 TAG 4 98.64733 -5.303886 -107.4222 102.5493 -3.982109 -100.722 106.3715 -4.864632 -93.09061 107.6884 -2.767494 -90.67934  a07ed781-72d6-ef65-58a3-211f66bc6d65
3 TAG 3 76.99134 0.3209839 -56.95926 70.16496 0.3658218 -55.80415 65.78561 1.177444 -56.04639  7d0b5afb-99e7-37ed-8a12-09023a7e4c26
3 TAG 5 63.72087 0.8295441 -45.63084 66.71128 -0.490387 -49.12731 68.719 0.2889175 -54.56711 69.75663 0.9493256 -60.60536 71.40864 1.088692 -65.35957  7741286b-d165-3ac0-ab0c-fba01301143f
3 TAG 2 71.70206 0.9970245 -68.34778 74.14679 0.7509384 -71.90353  d0141c7a-f357-974a-addd-3a07e8703509
3 TAG 3 32.34905 2.589653 -23.32656 35.34099 2.571243 -27.14492 37.82805 2.217422 -29.99067  9479203e-d1c8-01cc-bebb-2e071569413b
3 TAG 3 97.17865 0.8676147 171.0386 98.0208 1.020294 163.0513 98.4467 1.270439 155.7463  fc178036-e071-ed1c-36b2-83adbf330135
3 TAG 2 98.36909 1.463181 148.5396 98.31862 1.683098 142.0495  bdee2402-f489-f301-34e5-43e7e2e91d43
3 TAG 2 94.91039 1.669113 142.6619 104.1075 1.618477 140.986  434a22d0-6e54-2a1a-074c-aa7bb401d55c
3 TAG 7 93.85263 1.401573 129.7489 98.17804 1.375191 132.2079 104.1969 1.462929 133.9432 108.1404 1.408852 135.3016 113.3643 0.713028 137.3288 117.2301 1.073578 139.106 120.2266 0.7577286 139.96  4e2d9e14-2c15-cd61-881e-3f92c3ec2381
3 TAG 2 112.3074 0.9241333 158.0437 116.6566 0.6417618 155.4739  a5fd0345-2c5c-9528-d019-ea6ffb449712
3 TAG 5 107.3998 -0.02548218 122.6921 109.1207 1.238129 128.3631 112.5971 0.8172073 136.5795 115.3129 1.182877 143.1454 116.2637 2.109222 145.6122  85b9477f-80cd-f2cd-23c5-1b470d985d05
3 TAG 4 118.0342 0.7541656 128.54 118.7671 0.4527206 121.7686 120.1105 0.4541779 116.1678 120.7715 0.1515045 114.3871  3aafcb81-bb8b-02ec-471e-06e936338ab6
3 TAG 2 120.043 0.5922775 116.901 124.5388 0.5809021 110.6669  3a361f88-0f54-55e4-93f2-8d033ed61cf7
3 TAG 3 27.90241 2.864716 34.43297 34.00514 2.470665 33.42459 39.01399 2.380371 31.87391  d70a7d66-761b-e7a4-77e5-eb49da10c25a
3 TAG 3 46.94483 1.76371 34.33025 53.93676 1.470917 34.10748 60.80566 1.103462 33.0276  d3c55d09-6198-89e3-0db8-01f0c5c7ab8f
3 TAG 4 25.12238 1.447556 27.46354 32.79954 2.987534 29.68162 39.48957 2.082756 32.71191 45.10424 2.077179 35.04893  14816fc8-9169-4629-7e73-d1c145a045e8
3 TAG 3 -10.8992 3.82193 10.76446 -4.305279 2.280449 15.32299 2.238358 2.947807 19.87355  d0a6da6b-dfb2-12aa-ad2a-bd20540f8c6a
3 TAG 5 4.874516 2.846176 28.75343 8.792835 1.892052 32.54749 12.71632 2.693581 35.48694 16.71349 2.513649 37.46198 21.38183 2.142303 40.7992  0378b087-2174-144c-e4b0-53c98f80803d
3 TAG 4 16.28302 2.520813 41.85445 18.89689 2.935181 45.17747 21.99137 2.697891 48.51363 24.48996 2.737808 51.78884  89dfff6c-4525-a3a6-5432-613dfc81bd42
3 TAG 2 8.337408 3.127327 76.88376 12.37107 2.981552 80.06402  72e37299-4810-45f7-0fc4-964f0cc44501
3 TAG 3 12.31356 2.857788 68.6386 12.74605 3.009842 63.10378 14.5273 2.619202 51.11728  6c66786e-41d7-21a6-f64a-516bc5c89011
3 TAG 2 22.53971 2.943115 76.58603 31.81749 2.574432 75.75618  d8e84129-4843-9b47-745b-2e1b23d1ede4
3 TAG 3 35.00862 2.897438 79.38586 38.96809 2.626022 76.25516 48.72684 1.890884 71.45554  f3b8ff18-42c5-e3c0-a052-bfd804ea6e44
3 TAG 3 -29.02662 3.710815 46.1628 -19.15257 3.435295 44.7045 -15.20367 3.352409 43.78932  dea9c7da-68d0-97ac-a714-27ef48885eb5
3 TAG 5 -15.98828 3.471603 44.25643 -7.917889 3.715836 44.40401 -3.26907 2.766815 43.56102 -0.7181854 3.418823 43.5139 0.326767 3.349304 43.62098  ad36d61f-a5b1-5136-6856-eb04c9bf74f9
3 TAG 2 -8.174225 2.648048 46.77304 -1.810291 3.426224 42.9181  0a64c402-9c61-7612-6a21-da67b04388c7
3 TAG 6 29.35604 2.25605 62.87918 37.89146 2.269577 66.9689 41.93914 2.633461 69.05215 49.69478 2.090347 71.73531 54.45313 1.878433 73.30262 56.94725 2.046898 74.73347  3c598834-8b06-c61a-073d-4ec52d0c8d83
3 TAG 4 -3.227205 1.998695 155.1521 -0.1824546 1.911232 158.1701 3.162739 1.875107 161.6153 6.245559 1.78688 165.6753  45ea32b4-9427-a222-a190-8b44e9c9eec2
3 TAG 2 -2.824192 1.963867 155.5893 -7.760448 2.615028 144.3205  d20bc61a-d76f-7499-689e-9ffdd296c3cc
3 TAG 3 -0.7594013 2.017014 152.5922 6.557602 2.088913 157.934 11.72866 2.105141 160.8507  b6c7289a-d739-b3a1-db16-37feec848b23
3 TAG 6 -45.61829 2.908287 186.548 -45.47169 2.873611 186.6227 -43.67741 2.907341 190.2432 -41.1221 2.674622 194.756 -37.7169 2.590187 199.3679 -35.03487 3.018944 203.2276  99919923-7343-fc7a-4bc9-30eaf61f61b2
3 TAG 4 -16.45375 2.133408 224.4313 -12.18122 1.914803 217.7882 -7.94887 1.944321 212.3212 -4.555378 1.976936 208.7641  568274b6-2f0c-a9b9-6d6b-48e840c3026c
3 TAG 3 27.42956 1.24205 199.8403 25.27216 1.305466 193.8179 21.57208 1.498917 187.6558  863689d8-c035-6144-2f1b-bacabff6fb71
3 TAG 3 27.43768 1.257004 200.0797 21.87223 1.591064 202.5605 15.68705 1.346115 205.2233  23716f87-09bb-2780-fc18-7c0243133ab9
3 TAG 6 -3.129224 1.584976 174.2547 2.501832 1.195053 181.825 6.373436 1.570419 189.773 11.84348 1.606094 197.446 16.6574 6.068573 203.2818 21.0404 1.286613 210.5385  374baf9c-d95a-f9f9-5781-735bad93b44b
3 TAG 3 15.0663 2.532799 161.426 17.26577 2.187157 157.0915 18.62403 2.554085 149.4758  5fe782a8-3aa1-fdc5-0ea8-c87b18d9d64f
3 TAG 3 73.02107 1.178101 187.0641 74.11746 1.470848 177.0695 74.92497 1.680901 169.4297  56e0fec5-833f-49fe-2093-95aa49d8ed7b
3 TAG 5 93.62154 0.3280487 197.3519 97.1573 0.5014191 191.7722 100.1689 0.2595291 187.4498 102.6535 0.3853989 184.7261 103.5767 0.4102631 183.8456  f7e2bd54-8da5-47b4-7376-7bb894984476
3 TAG 3 106.724 0.3375549 181.5869 103.6045 0.5527802 185.4612 102.1911 0.3261414 187.644  a4367d87-a09b-7254-7d15-4c3ba13e1308
3 TAG 3 101.946 0.1298981 193.8195 105.2036 0.209549 189.3619 107.9542 0.8984985 185.0307  2fa9deb9-8889-db9e-a67c-36da07efd306
3 TAG 4 106.0302 0.8169937 163.6115 106.1277 0.9663696 158.9909 106.7543 1.161591 154.7997 107.2604 1.069496 151.6323  52a05303-9ede-782b-2d6c-5a30d0c5424f
3 TAG 4 105.1913 2.004005 137.2904 108.034 1.294998 140.899 110.5183 1.051682 145.4398 111.8773 0.9548645 147.6512  658d9e74-75df-c184-2f41-3653fd43f5af
3 TAG 5 57.39243 1.11821 147.2775 61.18631 1.876228 152.4682 62.53028 1.865334 155.6942 64.1054 1.792252 159.3319 65.02617 1.58049 163.6208  65d77b14-e664-eff0-5090-e613605aac31
3 TAG 7 63.1 1.627861 163.3685 68.36724 1.759415 164.8025 71.92468 1.631462 164.3445 75.95844 1.797737 164.4563 79.47051 2.521805 164.0175 85.0757 1.439919 163.9934 91.46245 2.143204 163.2872  4e9d50c0-5d67-146d-2d5a-958a31b9c0c7
3 TAG 3 69.49072 1.30407 170.5784 74.9826 1.687088 169.5738 81.00423 1.671921 168.8488  b62f5d41-8bee-ae5b-e88c-8de981e05ad4
3 TAG 3 78.81232 1.912483 175.8661 85.64549 1.218681 171.5735 92.36954 1.364044 166.894  7d44711b-8e50-bebe-1584-23e76ceaabc6
3 TAG 4 47.53136 1.267609 193.8487 46.99355 1.401398 186.2701 46.04411 1.931488 176.4514 43.91586 2.11544 169.1997  25256cf5-153c-9e74-8755-22efd029edb1
3 TAG 4 43.30669 1.62561 164.0948 38.73369 2.185539 155.8108 35.38103 2.337448 148.8472 31.72792 2.759247 141.7853  34aad998-8a65-f5ef-a7f2-dbe7f942caa5
3 TAG 2 117.7271 4.276993 150.1455 117.7156 0.6140442 157.4471  f492a1b4-c6ed-5c90-a9c9-e8fc1f4571a4
3 TAG 2 115.8072 0.8934479 151.2923 116.9938 0.6052933 158.4079  7e9cb58f-46c1-f858-1be9-e80b95da454e
3 TAG 2 119.7691 0.6172562 154.2766 116.5745 0.6283875 155.6098  25fb7338-45f3-0332-14ac-dd517177f5b2
3 TAG 2 122.2224 0.49086 157.0711 121.0998 0.4650879 150.2002  4020ac53-0815-894e-f27b-51734c5ac122
3 TAG 2 105.3735 1.140976 144.8221 108.8515 1.262802 150.3702  2be3f022-a754-412c-5771-0cdfcc2341a4
3 TAG 2 91.80247 1.627632 163.0393 85.26647 1.635796 153.8093  0634a63b-1693-3bfd-379c-6450da6967a8
3 TAG 3 39.29064 2.680977 118.3139 44.58131 1.99736 116.0707 51.44535 1.771858 113.0193  bc1372c4-be43-edaf-233e-00df7a0da221
3 TAG 4 19.2069 3.287941 121.9417 25.0654 3.34523 120.4806 30.43019 2.877136 119.1673 34.24275 2.717552 117.113  974e7528-0a5f-b532-c367-4244ed2d3789
3 TAG 4 31.44831 2.861427 119.6743 38.04763 2.612488 116.7649 46.84155 2.037224 114.0667 50.88392 1.913673 112.2999  b4838f12-f93f-f5df-cdd6-b72264f0324d
3 TAG 4 106.1183 1.638481 136.7393 113.0216 1.101768 139.9898 117.15 1.428749 142.5849 121.0673 0.7327271 144.7164  37813a9a-6270-f9fa-9fe3-48380a454392
3 TAG 3 110.7486 1.039253 145.6441 117.8857 2.353317 145.8953 122.5058 0.4645309 146.2552  afeafeb7-9d1e-1770-f0e8-58739bb7fc5d
3 TAG 2 158.6565 0.0328598 96.1911 161.3211 -0.9864349 93.371  9a2c969f-1910-f523-7e5d-7706876e28a5
3 TAG 3 163.9965 -1.278328 98.08244 169.0071 -0.03948975 93.81876 174.3571 -1.707596 90.96249  fa20c640-8435-4669-dfb6-9360347febf0
3 TAG 4 173.4824 -0.9597168 86.84469 170.5135 -1.451363 90.84097 168.0813 -0.4255066 93.91004 167.5298 -1.835907 95.31602  d36d3bd5-4985-fc2c-9e3a-83b9cfe6423f
3 TAG 6 162.3951 0.03130341 72.84711 158.7919 -1.204521 71.74187 152.1911 -0.6038666 69.69049 147.0649 -0.4089127 67.04867 141.2349 -0.6999512 63.95965 138.6434 -0.7015915 62.14924  f62bf9a5-c56c-48f1-78b6-ddebaaf9a3e9
3 TAG 4 126.6574 -0.1983795 56.01282 133.0737 -0.5044708 59.3167 135.5699 0.1555176 61.86713 137.8438 -0.4110565 63.44408  e54c5fd1-1105-b12a-4d45-99bb3c1161e7
3 TAG 4 138.7047 -0.4678268 63.99613 141.3489 -0.4731903 65.94989 144.1465 -0.06365967 68.63865 146.3019 0.04412079 69.84069  80153640-e97e-4fad-30dc-b4faa9308f6d
3 TAG 4 59.74453 1.33744 70.58932 62.79565 1.800652 73.15284 63.70444 1.94783 75.41667 65.96512 2.35537 79.36027  206d861a-0e97-f726-af4f-6fa3fd514213
3 TAG 3 70.15251 2.480721 81.44072 75.77397 2.006592 81.90106 80.28021 1.765923 81.66519  880f0d61-e394-f791-abf5-ed9f098e5a44
3 TAG 4 32.91253 3.102753 90.77837 39.20202 2.61026 88.83472 46.37315 2.746918 86.11494 50.14178 2.425072 84.71121  5390d519-5e3f-87c0-d6fb-af92ba90ec97
3 TAG 2 61.29568 3.367126 90.18742 57.19788 2.447296 83.27722  12a11761-093b-f1ab-ca92-7ac33ccb1f29
3 TAG 2 21.58854 3.300301 94.64508 31.59187 2.345421 96.07643  cc01474d-a5e7-0d60-24a8-d4fd2807033f
3 TAG 5 19.116 2.795341 138.4642 17.85754 3.05455 134.715 15.77726 3.200668 131.9172 13.72717 2.955055 129.1143 12.62743 3.204613 127.2302  7028fe82-148a-76f3-83bf-a89a343070ab
3 TAG 2 16.40602 2.928764 136.8044 18.7979 3.052383 128.9119  1c4de1ed-937c-c78b-ec6e-781928e439c4
3 TAG 2 -16.51986 3.993156 124.5628 -20.28741 4.020096 112.3098  6ef91e71-0ee1-ffbf-a81e-48b3dd82c9e3
3 TAG 2 -4.258915 2.20462 155.7172 -9.458027 2.909149 142.2654  6e833991-4a23-7f70-ed7b-5d9ef2acadd2
3 TAG 3 -1.146019 2.073235 151.5569 -5.048012 2.708344 148.2124 -7.392488 2.705902 144.3357  b34a985e-c726-4345-95a4-7dfb26bf69c5
3 TAG 3 -44.79161 3.748405 142.8727 -38.25693 3.928688 138.3948 -34.87227 4.034706 136.5656  5395bde4-4e28-a976-aaa2-285bf4161b14
3 TAG 3 3.10729 2.608925 128.4815 7.584561 3.042091 128.0411 13.14872 2.985504 128.1835  889a9442-9f44-95c7-4a30-154f7f8fe6a7
3 TAG 5 -9.203136 3.472534 133.2896 -3.150072 3.135338 133.2521 2.614553 2.749451 133.5615 9.206525 2.785408 133.2844 16.00756 3.240654 132.9628  96309a60-ea5e-6e25-3d9d-232febfc5028
3 TAG 3 132.2524 0.2643509 139.1266 129.554 0.4088898 139.9583 126.164 -0.1702881 142.5732  19bdb274-65aa-a947-7631-ea0322694867
3 TAG 3 123.3407 0.4599762 146.7272 127.6071 0.3369598 143.2469 131.6005 0.5287933 141.0972  931b6753-002c-261d-20d9-2fd649cb5a96
3 TAG 4 59.80764 1.970108 103.7534 65.26865 2.317589 101.6296 70.94629 1.649704 99.28719 76.62467 1.882507 96.57384  f1a7e548-eb6f-6542-3f92-5b366375773d
3 TAG 2 49.04939 2.187157 85.24867 53.46479 2.589958 85.10118  e6dee987-1221-8fcf-64e0-adc1038b71e3
3 TAG 3 -16.37141 3.847649 65.02621 -10.15478 3.939964 65.73083 -6.685551 3.753311 65.40706  bf36d24b-5c6e-b402-1721-af6927862290
3 TAG 4 -39.38922 3.514626 67.20164 -34.69781 3.685928 67.41442 -31.74862 3.089066 68.75262 -27.15618 3.473236 70.84787  d9ce2ef7-ff96-88b3-d2f8-c671c1c0e794
3 TAG 2 -6.669772 3.693039 72.56027 -15.32083 3.796074 70.47858  177b5792-06de-ff7a-242d-31169911c378
3 TAG 2 -16.86821 3.725937 77.20776 -15.58788 3.901886 73.82012  d402439b-7c28-ee8b-a082-66d11d66580e
3 TAG 3 -18.78633 3.65387 71.61234 -22.93854 3.537102 72.15805 -26.44218 3.629356 71.61852  91a3756d-78ae-295e-934e-210301083f5f
3 TAG 6 -26.63964 3.781181 85.20343 -26.68068 3.428856 75.658 -28.01562 3.729851 69.51044 -28.55013 4.121986 64.21576 -29.31949 3.789375 58.30625 -30.48705 3.272438 46.31895  a57394d6-dfda-1d43-213b-0ba5c8c62b94
3 TAG 3 -34.99061 4.052025 64.15217 -31.77052 4.009911 62.10616 -28.27519 3.963951 58.35979  ac7fadf4-d95f-d3f2-3332-779aedd52187
3 TAG 3 -34.90276 4.025284 136.4173 -30.55815 4.115097 136.1561 -27.11726 3.93634 135.0696  c859f43c-8b3d-1e85-911e-6b526ce445ae
3 TAG 3 -9.447495 2.805153 146.4922 -12.82462 3.058586 142.3647 -14.97397 3.40509 138.858  d4ac5841-516a-3a28-02e8-53e0f7ad66d5
3 TAG 3 -121.9762 4.487778 130.3553 -118.5022 4.848381 125.5079 -116.5518 4.787148 121.7727  90c2217c-1ba2-cb88-130c-64551c2c951f
3 TAG 3 -116.0001 4.903107 120.9132 -121.0089 4.889908 115.7619 -125.8607 4.598236 109.9553  f2eefb7b-f77c-8b37-4018-3f75bfee4ac3
3 TAG 3 -139.6257 4.410301 103.3916 -136.0576 4.240463 106.3963 -135.4663 3.230713 109.701  aa0646c0-2e91-cc2b-4432-09e97c9519e1
3 TAG 4 -158.4459 5.232864 139.0154 -157.7638 5.048286 134.1677 -155.919 4.554367 124.9374 -155.5614 4.188248 122.0128  d20ceb4b-f020-3a33-86b0-a2a7a81dddab
3 TAG 4 -155.5329 4.189034 121.9483 -153.6906 4.453064 127.0999 -151.3901 4.680016 133.2485 -150.3405 4.800652 136.0057  cad914dc-7bec-6e77-6444-378b9f032d69
3 TAG 2 -139.6808 3.816727 153.8742 -132.6706 3.705994 150.163  29e5836f-b120-2d4f-cae9-d7aca03d5154
3 TAG 2 -127.6905 3.91552 154.3903 -122.5341 3.199142 149.549  b0c27b98-659d-3d14-86e2-c6a31c589093
3 TAG 4 -119.9547 4.396828 96.99767 -112.1572 5.035461 95.90617 -107.8418 4.864937 95.7648 -99.9976 4.627472 95.23498  e65cca94-fab1-886d-af5a-2bae14e3d06b
3 TAG 2 -71.8885 3.679092 141.4098 -71.53545 4.409134 133.1699  6a75b3ef-3197-f943-9c44-7a75dc533a32
3 TAG 2 -72.3395 4.372948 133.4095 -72.00046 4.333206 121.4228  fcb43449-789e-6e9e-a19a-50ddf8e16302
3 TAG 3 -59.6386 4.226517 134.8488 -52.07727 4.16465 132.0252 -48.68504 4.325684 129.9275  1390e70d-ac8e-4a51-dcc4-b26be32f00c0
3 TAG 3 -92.21927 3.43763 162.7069 -86.96099 3.470039 160.5244 -80.71781 3.577194 157.8288  5aef80ba-917a-d184-9632-e3af5f0f267e
3 TAG 3 -110.1686 3.385429 162.4711 -98.95419 3.374344 158.9439 -89.26647 3.512924 155.564  ebe19710-2aa6-5c9b-f09d-ba98bfd16803
3 TAG 3 -106.1573 3.131493 151.3914 -97.81625 3.5187 152.3549 -90.42271 3.480972 154.2944  bf0ed956-8cb7-c638-85fb-47b3ce4ac26c
3 TAG 5 -82.47684 3.642685 156.4686 -74.96082 3.469749 154.1058 -69.03174 3.661224 152.351 -63.78497 3.730164 150.95 -59.0508 3.863243 148.9268  c27465cd-4c39-2452-c6fa-067621e621f1
3 TAG 4 -79.2676 3.637741 159.7557 -74.02101 3.390015 158.1717 -68.7952 3.507492 155.6247 -64.5455 3.590965 153.9556  0bf5f7a4-6bff-78bb-2caf-2c9bcefa2d01
3 TAG 2 -57.60686 3.719139 154.2969 -52.7835 3.590286 152.6277  561e12f6-2e4d-bcff-f8d5-dddb624f9fd9
3 TAG 5 -45.91155 3.505615 151.6176 -39.37512 3.46727 153.7137 -36.36901 4.691055 153.7701 -31.07162 3.388527 155.2326 -28.50391 3.304436 156.5414  4aacbb29-be0b-6057-ddf2-172fbdd0ab5c
3 TAG 4 -136.0099 3.896584 106.8461 -128.9161 4.790817 105.9802 -118.7657 4.908821 104.4806 -113.3778 4.990952 104.3938  0586817c-1111-e07d-e92b-83b72c10263a
3 TAG 8 -151.851 5.182915 82.22508 -146.8798 5.085014 82.89603 -141.5951 4.755203 83.11937 -135.833 4.753357 82.96554 -125.5274 4.800705 83.23389 -117.6711 4.794518 84.92693 -112.3896 4.654411 86.46657 -106.5642 4.407326 86.76939  6eab961f-5ec6-41d3-b0e8-75db5fe66940
3 TAG 3 -105.1207 4.513519 87.76579 -99.48792 4.428658 87.53437 -93.49889 4.418465 87.1777  1db25aca-da7d-a63d-7aba-c11b329096ce
3 TAG 3 -121.528 4.643234 104.2916 -122.9546 4.36631 98.7386 -123.6605 4.731743 94.859  78e8e678-8139-80cb-b70b-10c9c035e18a
3 TAG 2 -119.7095 4.812637 98.09591 -119.7229 4.809914 92.28098  233e050a-4a29-a8fc-b9d0-aa613ac874c6
3 TAG 2 -121.2497 4.81472 115.4287 -112.5994 4.982819 113.0836  466c4c29-1e58-debc-c1b6-e51c1f2e93b1
3 TAG 2 -122.6162 4.314644 130.7775 -119.3377 4.682259 132.8174  a188f6a2-9d1c-5312-3270-f30def8106b6
3 TAG 6 -120.7724 4.63752 128.7747 -119.0391 4.397049 131.0249 -117.8506 4.814102 132.8894 -116.9473 4.016449 135.9575 -115.9544 3.775246 138.3753 -115.5867 3.896614 139.0101  d1246d42-6b50-835d-54ac-192a31aa24d8
3 TAG 3 -123.8718 3.857216 136.7532 -120.7026 3.878487 137.4252 -115.3406 3.858765 139.2515  a292a8f3-e43b-837c-ba0b-1b05b3420d8b
3 TAG 3 -136.7042 4.268097 117.1548 -131.3773 4.664856 114.5836 -126.7967 4.905029 112.2258  a2bdf793-896a-8cc9-815c-836ad6b14346
3 TAG 2 -125.1321 5.017075 117.6234 -128.6262 4.947815 112.9827  4600a088-d2c4-1b5b-43d5-6420e0e96df6
3 TAG 2 -100.3844 4.247688 137.5038 -99.84918 4.635239 128.7169  4b1711fe-1b1e-571a-eb83-379c4b41d795
3 TAG 2 -115.3501 3.212677 -66.89619 -115.5286 3.888939 -74.91016  148b1e0c-cc60-d388-d36a-a3db600e3e63
3 TAG 2 -124.0441 3.30262 -55.53769 -135.7125 2.547928 -61.86475  bb8d83ae-7be1-384c-c818-c80ddf3918c5
3 TAG 2 -123.4693 3.54493 -52.29025 -122.9706 3.485817 -58.00452  eb9f3f12-97fb-aa7d-42c2-66c38ab7660f
3 TAG 3 -88.10376 2.570274 -79.71384 -83.15759 3.032227 -79.96737 -79.48813 3.4515 -81.4129  788d4e0c-f03b-1d7a-d9c4-cd9a975b5f9b
3 TAG 2 -115.4296 2.628029 -98.01892 -126.0002 2.663879 -104.4179  7aee21f1-b0b3-2637-f9c9-00c44700e412
3 TAG 3 -120.7295 2.176888 -92.66975 -121.2147 2.7033 -97.68228 -120.8162 2.792542 -103.7231  c3d6a322-77ec-538f-efee-9d631862eb65
3 TAG 4 -68.08244 2.61026 -36.66961 -60.14223 3.336296 -34.55038 -53.27191 3.619461 -33.22273 -51.47368 3.820518 -32.70584  71a37484-4fa2-3e30-377d-0657a5ceef15
3 TAG 3 -62.75277 3.104935 -49.91261 -58.88531 3.409454 -45.25531 -55.82001 3.175766 -41.83806  d6a7e101-9452-6dee-2882-0395f3bcd98c
3 TAG 2 -46.71788 2.833725 -43.32272 -35.53837 3.809601 -48.45976  23bb2fa7-29b0-59e5-54d0-79f19d852959
3 TAG 2 -59.22276 2.88546 -55.42019 -49.5891 2.557823 -46.85017  1405e461-ca89-5fa6-59fc-31437dec7005
3 TAG 2 -66.75654 3.021011 -44.28382 -59.25123 3.360603 -43.0663  2bbf2dbc-4c46-2395-c834-268700455bac
3 TAG 2 -31.41511 3.426369 -24.62834 -25.456 3.665314 -23.69623  c743a922-0814-1722-2755-8db4d4c04f07
3 TAG 2 -51.71661 3.469032 -44.70809 -48.51015 2.386726 -59.44822  b2b07f89-4f4e-0166-8316-e4300a7cc6b1
3 TAG 2 -31.26399 1.244179 -111.9633 -25.22096 2.102859 -107.5145  036eebec-1a0d-2121-3351-21b0ae07eb3e
3 TAG 2 -46.20901 1.790817 -118.3127 -42.99335 0.9060059 -115.4652  0675eb67-5293-18b8-055f-d378377dbec3
3 TAG 3 -43.95958 1.551949 -109.0345 -42.77729 1.028656 -114.5845 -42.9213 1.652245 -118.5588  c7c0a625-54c6-bd9f-851b-9c620f2f3941
3 TAG 3 -29.23027 1.69696 -93.17694 -26.88174 2.049294 -97.53364 -24.6678 1.446648 -103.1764  6fb2f6b9-a8d9-54a2-1525-4213deabd575
3 TAG 2 -23.70362 1.414482 -96.55196 -23.61922 1.302963 -102.5905  298205a5-3a21-3ca6-6874-80aff504b6c0
3 TAG 2 10.90933 3.016548 -89.9532 8.659578 2.215714 -96.81697  313a9036-b167-8ecc-9402-d339a0601f45
3 TAG 2 -14.55643 1.72654 -87.78172 -12.74471 1.9767 -91.54995  dd416afc-dd70-978d-bd24-e80df98780d9
3 TAG 3 -10.13532 1.67981 -89.80849 -14.11778 2.090355 -92.32861 -17.96149 1.736977 -94.67275  c2c41fbe-6aa8-4f62-4d55-2b1ea4e7ade5
3 TAG 2 10.21717 1.942276 -90.66811 4.796457 1.250671 -84.78433  da549bcc-34fa-08c8-db87-9d718b602ac1
3 TAG 2 0.5390021 2.39138 -80.19501 -10.92487 2.789864 -64.04214  a9dcf4ea-f63a-f8f0-740c-60760ac0a864
3 TAG 2 27.55734 1.661423 -102.859 36.37162 1.282402 -97.84029  c10bff33-338b-804b-d8b8-14a2f77e178c
3 TAG 4 26.29107 1.318947 -101.2925 29.0324 1.473671 -98.62531 33.25454 0.9986725 -98.11389 34.66396 1.510506 -97.37291  bef44ff5-9a41-b409-25b1-9fb2ff5e46c2
3 TAG 3 23.10755 2.032104 -90.16464 28.68657 1.581139 -94.23364 30.37092 1.641762 -95.67712  d70f8eaf-2c50-4da4-ee68-1c0445b15060
3 TAG 2 70.97855 -1.344139 -96.67776 69.31345 0.09900665 -92.23456  d2715e66-c13c-feec-4fe7-dee396339c50
3 TAG 2 -120.4997 0.08467865 -143.94 -114.5405 0.7658691 -139.8075  65054c8a-b67c-3610-23b6-c489f773cb78
3 TAG 2 -122.2919 0.2641525 -152.1227 -120.1787 0.2445908 -144.9883  17d6ec17-d147-5c69-277e-2f6105a09125
3 TAG 2 -76.60075 2.255096 -110.8327 -79.73252 1.561981 -115.6641  5d1d0a23-cee2-8103-6892-8423e2324bc1
3 TAG 2 -61.5955 2.462326 -90.55962 -65.37712 2.044395 -98.457  87c97ff6-2272-1913-a1fa-1ec9fe386890
3 TAG 2 -135.8551 2.517876 -104.8339 -139.7757 2.321602 -110.3101  4bcf605c-c309-6078-daa7-85a4028b2568
3 TAG 2 -95.12503 3.867592 -56.3589 -98.59047 3.307648 -71.61234  d34d1855-2c2a-cd13-4ce9-99a992d8634d
3 TAG 2 -101.8027 2.431473 -54.6769 -96.19049 2.867584 -60.18886  d1e6d5ee-62d1-35cf-3661-933e947ba07f
3 TAG 2 -109.1615 3.591148 -34.419 -105.3696 3.134926 -31.41862  04c4210a-a1db-c97b-6678-6843ffe1d32e
3 TAG 2 -137.6738 2.53363 -36.39944 -128.9373 3.611023 -43.83398  2ece692c-6c50-ca3a-c436-d2485b233540
3 TAG 2 -152.9813 3.861923 -22.29792 -161.3888 3.651154 -24.9135  cdebce4b-7657-fd63-9e67-495691b92110
3 TAG 2 -132.9226 4.372429 -13.32298 -136.584 3.269279 -18.08163  258cbd58-41d2-e983-4799-598ac2282dda
3 TAG 2 -125.4324 4.010643 16.42346 -125.3571 3.697678 6.162302  796f8298-ffcc-5bf4-7ee9-0a3704dce24f
3 TAG 2 -156.4287 4.550407 12.25614 -144.3448 4.11792 17.69267  a1e1daab-16d4-f15f-78c0-acd8366628eb
3 TAG 2 -130.3954 3.792816 20.29685 -123.6054 3.476532 15.38443  f684ccdb-2124-245e-8f4b-0ed356ee1a3a
3 TAG 2 -115.8663 4.036697 18.50002 -111.7606 4.403748 20.7204  f31e6c8e-ae07-2aa4-fe6c-bdf455b60a2e
3 TAG 2 -121.4257 4.853134 86.49658 -123.155 4.719727 81.71726  f2bd578a-42bd-4706-c67b-ff3c0c5a7a21
3 TAG 2 -125.4525 5.099899 87.41787 -125.3393 4.915527 80.43698  745fb464-7b88-a289-8586-1df1ac76b6d3
3 TAG 5 -153.2734 4.854416 105.545 -162.786 5.245026 100.6985 -167.087 5.469772 97.60255 -171.4177 5.774506 95.22841 -172.952 5.933403 93.88466  95d121ca-7205-8604-ef8b-c5a7a76ac353
3 TAG 2 -138.9969 3.876175 136.5733 -127.5505 3.752213 138.7785  1639dc2f-87bd-4c1c-e982-91dfe849545e
3 TAG 2 -131.1841 4.127457 157.5676 -127.4667 3.308792 148.4285  62a1cb9c-c7f5-da19-f201-922d8d49aadd
3 TAG 3 -138.0437 3.580399 145.5088 -131.1217 3.310326 147.0659 -125.298 3.256531 148.503  98db7887-fbe2-139c-1188-c3f0e92871ba
3 TAG 3 -152.7181 4.626274 142.9759 -154.2415 4.932526 137.6983 -157.4286 4.995697 130.1448  bfcc5bbd-f1d9-c977-fbb2-e32bce2ebce3
3 TAG 2 -153.2492 4.901527 140.8674 -145.1205 4.420685 139.8808  dafb44e0-71e9-ffde-69ca-93528742174c
3 TAG 2 -155.8271 4.788925 141.9769 -145.9021 4.347137 144.7507  6e1b6b64-501b-009f-0fba-1d812e4aea89
3 TAG 2 -144.4402 4.641655 100.5008 -142.97 5.032356 92.59325  2521b7a2-a578-3aed-0df9-09c7b22127e1
3 TAG 2 -164.9751 5.667343 80.97473 -160.3918 5.852859 75.40192  19646af3-feed-8a53-32ca-1747ea0e7ccc
3 TAG 2 -28.46971 4.061821 104.6888 -23.24294 4.085709 118.1649  d7438282-c352-808f-0e28-0e9a6832798b
3 TAG 2 -31.70941 3.762703 109.4431 -26.92212 3.694519 111.8086  90cad04b-cb1b-8001-2799-961f602525a5
3 TAG 2 -15.20733 4.062271 116.4034 -20.30998 4.026833 112.2861  70e12e3d-8646-0632-5bff-1e31eb33d1bd
3 TAG 2 -7.288956 3.976196 124.8811 8.717178 3.324265 120.1413  c118330a-50ca-5093-cb96-43f73f8eadb0
3 TAG 2 -0.94981 3.706406 123.1147 7.481697 3.87912 122.0458  092d364d-8fe7-dcff-a6a5-3cd426290256
3 TAG 3 -78.75457 4.20443 135.0185 -72.57887 4.389832 133.7194 -67.12296 4.420776 130.7348  3489e70d-a959-744a-63e0-700249b4a73e
3 TAG 2 -91.60699 3.960777 135.1266 -100.073 4.187973 138.1522  8fbda108-761b-29fc-3463-e0f897274ef4
3 TAG 2 16.18261 3.23867 16.72888 11.93655 3.541618 8.37344  ab2612de-62a8-c063-1889-158a83a9b133
3 TAG 2 45.3149 2.799919 8.638415 37.5052 2.985298 4.562797  604e2b68-3618-095f-fe3f-e5d88e701393
3 TAG 2 42.40476 3.005318 9.192261 32.52131 3.542641 2.774556  f800d9b8-296b-673e-6e4c-d3068693b254
3 TAG 2 35.66493 3.177101 16.51862 31.9767 2.744011 8.625827  a651fc08-7171-13a8-ddc9-ca0c7a7d33d1
3 TAG 2 88.83452 -4.15374 -118.9241 98.79085 -3.20652 -119.3242  a677f0ab-1f2f-9da2-34fe-10018363ee09
3 TAG 2 69.44122 -1.236443 -108.8618 69.40325 -0.1134796 -101.4984  14efa571-e9ee-30de-1304-aa7de0c77d2b
3 TAG 2 68.45763 -2.300957 -113.6337 75.10626 -1.168594 -107.546  c3b206ef-c113-5654-e55e-0caf7ca4af49
3 TAG 2 103.1601 -1.491127 -43.00975 110.7739 -1.538567 -39.11154  345a068f-6d92-e8ea-e24a-dc1699efeebf
3 TAG 2 119.0658 1.722313 -26.81079 124.094 -2.48716 -39.66225  c04f775f-39bd-3e80-20e0-0be9b9d26c3a
3 TAG 4 139.7128 -2.401955 -13.0635 135.3558 -2.229553 -17.52753 130.3897 -1.771484 -22.64488 125.6766 -1.87558 -26.10767  d60bf068-3d8d-e76b-7408-040946de2ae9
3 TAG 2 93.37631 -3.23806 -31.15171 96.61759 -0.5936813 -41.9994  2903440b-c8b6-6821-12f8-1e61705251ae
3 TAG 2 82.5095 0.806427 -50.11599 88.55741 -1.565712 -46.15667  68472d03-4965-98e1-f7bb-da381ea5e93e
3 TAG 2 110.7249 -1.494026 -48.11342 105.4791 -1.898438 -54.35539  f60d1aa9-236a-baac-9ee8-c331e324f0bc
3 TAG 2 118.4557 -4.190063 -44.05701 125.8585 -3.619339 -47.22313  25d5ca2f-5111-bd1f-ea09-09a58e653bcb
3 TAG 3 148.2787 -3.394409 -40.72812 141.2389 -3.938553 -41.45164 134.9799 -3.824356 -43.13648  013422e4-4b10-57db-1089-a96bb8570923
3 TAG 2 122.3065 -5.634064 -57.42575 123.6941 -3.434082 -62.6362  5fa1af59-6a67-85c6-3142-6a32cc9e8c6c
3 TAG 2 114.4191 -2.921722 -65.79758 119.5118 -4.317329 -69.17963  70f1d209-17b6-421b-074b-e02482ae092c
3 TAG 2 -49.7995 4.227104 -18.44422 -55.59636 4.541992 -14.79983  b4b85c10-8d07-2be4-7ba4-081bc01ea65b
3 TAG 2 -11.56598 3.338135 -3.715904 -5.79729 3.265762 -9.398743  33bc8609-4fbf-e6a0-a46f-6b25881e9f12
3 TAG 2 -26.77139 3.815063 -28.76823 -27.21254 3.943192 -35.02992  f06d268b-88c3-948c-5d04-3aa443fe7b43
3 TAG 4 130.1995 -1.935188 -22.53777 118.8727 0.4535828 -25.42683 110.1997 -2.218544 -27.56089 105.197 -1.890686 -29.43462  d50b4dd9-413f-c40b-3e7d-bdff7e28a6c2
3 TAG 2 95.84155 -3.519028 -29.70594 104.9753 -3.345299 -28.1652  c209b407-6f11-fc9b-d338-c16bfe2e2806
3 TAG 2 -7.475838 3.038498 -38.42561 -10.30107 2.921265 -43.20842  bfcccb96-06f2-234a-f02a-6f79b0ffbc57
3 TAG 4 2.028923 3.378357 -38.27646 11.20176 2.692078 -39.38141 18.07903 2.182304 -40.86324 22.89999 2.702538 -43.19154  4e4975fa-6476-8166-5969-3147b976197f
3 TAG 2 -1.488552 2.718994 -76.42356 -9.791021 2.463951 -74.50386  27419dd3-9fcb-bb45-e74e-7c1626735bf0
3 TAG 2 -46.26548 3.857651 -40.09703 -46.54872 3.265808 -46.58682  9353f3c6-b8cb-64c3-bcb5-25e84fdab199
3 TAG 3 26.32282 2.032814 -45.06875 22.34296 2.584099 -47.14154 21.1354 2.081093 -49.12648  46cb4b52-202d-6677-7eed-68a126cb4c31
3 TAG 2 -15.83709 2.616432 -7.601236 -12.08477 3.626778 -11.75903  dce5839e-de5d-17ac-d96b-8e4c215b05ed
3 TAG 2 -105.4439 4.179054 45.88631 -106.698 3.97171 37.35814  a2196c64-8787-932d-3ee5-4503816f4e24
3 TAG 3 -93.79364 3.333611 38.77818 -80.24198 3.581703 37.83564 -70.08591 3.596054 37.27472  572bda11-b1c2-a001-5634-f3437b2cf4de
3 TAG 3 -60.23712 3.426514 44.36449 -64.49525 2.845108 49.52398 -69.206 3.683823 54.81289  9b8984cc-bfcb-2157-3c62-1f82db815fba
3 TAG 2 -67.44656 3.588158 48.51565 -61.93695 3.615601 51.33658  d9f858ca-2194-ac9e-46fa-76ed06767ba2
3 TAG 2 -68.20712 3.387047 51.33059 -67.51378 3.63662 43.51695  16014dd2-79ec-0076-ec2c-6bb22f83269b
3 TAG 4 -91.88953 4.459198 84.49178 -92.04794 4.046265 77.83151 -91.84769 4.309212 73.77824 -92.31625 4.571106 67.64124  f638c6d6-e446-cb83-5b5a-a75c472234fe
3 TAG 8 -99.58282 4.748016 71.62518 -95.87214 4.632202 72.35991 -93.73972 4.602928 72.90134 -91.28715 4.466988 73.07946 -87.05365 4.410736 73.80843 -82.07656 4.315277 74.24448 -79.00668 4.174469 74.52296 -71.69781 4.240608 74.20789  9f6c2fea-12b1-927f-af1c-475b25e6f470
3 TAG 2 -72.67953 4.26844 72.1477 -70.22873 4.263664 72.45269  ed339100-2297-6353-b6f5-cc000a78bc5e
3 TAG 2 -59.86544 3.840759 58.24901 -55.85158 2.880386 38.64798  4fffe9ea-9a04-9c8e-511c-5dfd5c3ebf28
3 TAG 4 -122.6154 4.183128 41.08219 -110.0694 4.514359 39.68623 -100.732 3.758644 39.30454 -93.94524 3.299179 38.72248  354e9e3a-f3d8-360b-443e-2e3cc392747e
3 TAG 2 -87.15782 3.233627 -74.75273 -90.48809 3.300674 -81.91456  58573e4e-aa6e-8dbf-dbf9-44c1defadb17
3 TAG 2 -117.719 2.436386 -88.16618 -113.7616 2.643433 -84.3429  6a4cc8ed-b274-6c8d-c77b-20fcb931f7bc
3 TAG 2 -116.096 3.451424 -81.92135 -112.2783 3.054871 -85.98058  eb7e5e55-4030-d3af-6ebb-8b953d8a93cb
3 TAG 4 -111.7468 3.040092 -95.23148 -92.49026 2.454414 -87.93273 -88.7722 3.433617 -85.72195 -87.62408 3.188622 -84.85837  96338981-8978-4233-ee65-9235388dbc8b
3 TAG 2 -86.81213 3.332253 -88.24101 -91.50343 2.976913 -89.46839  72448493-383d-0b6b-881b-8e5de9972aa9
3 TAG 4 -154.1125 3.798225 -52.40217 -147.6476 3.678375 -51.73976 -139.895 2.796173 -51.27561 -136.3225 3.451569 -51.22955  4128c8ba-450f-7164-952d-d1c67131a9c1
3 TAG 2 36.45929 2.68811 -34.29244 26.64528 2.00161 -44.87256  7e6d1d62-68b4-70ec-d8a9-de9931225ccd
3 TAG 2 29.16552 3.063881 -16.57379 31.2113 2.70256 -21.48409  633c6515-8e69-294b-a0c4-887553006808
3 TAG 3 37.79929 2.175026 -29.65162 55.8434 1.919861 -31.75967 66.95134 1.034431 -32.9157  45ec9228-5cfb-6cdc-e3a9-9dc5489605ed
3 TAG 2 63.33708 1.351929 -34.65161 78.46636 0.9798889 -34.35907  98a0f9ea-566b-950f-c520-d1813a861bf3
3 TAG 2 55.89903 1.853935 -7.038496 51.02575 2.176125 1.082263  8f2d788f-b363-bf89-35a8-4d60d837b162
3 TAG 2 161.8877 -3.630043 34.85346 154.3329 -3.514832 22.69596  4714e008-b505-d784-ad26-eab1aec528bf
3 TAG 4 153.9931 -3.572006 30.38573 157.7142 -2.653397 38.76597 159.3962 -2.42942 46.00959 159.8694 -2.658638 47.28292  35ab062d-5482-3f4a-43f7-8a4b4ffeeb12
3 TAG 4 162.577 -3.905418 33.46694 161.3336 -3.580566 40.38786 160.2294 -2.511078 46.24728 159.4061 -2.369621 50.75781  a640cd76-56bc-e0ca-6245-c6e0c77b374b
3 TAG 4 160.6367 -2.572159 45.96791 168.1753 -3.402489 43.93616 171.0199 -3.461494 43.22535 175.1897 -3.060188 40.80379  8a27ab8c-145d-636d-1f97-ab73c61be771
3 TAG 3 184.5288 -2.344498 78.61859 179.3012 -1.99044 73.81566 175.3346 -1.765381 70.29424  cc341a04-bf8d-64d0-61f3-8f1d97f23c83
3 TAG 3 -88.979 3.525459 157.4689 -78.31532 3.551514 153.5849 -72.72915 3.693611 151.4248  7fb0cc16-2582-8aad-b8eb-86667c8c64b6
3 TAG 3 -100.1614 3.90786 -22.96057 -93.75911 3.473145 -27.12602 -89.02051 3.389656 -32.17498  3e6ce66f-061f-2f68-6cf0-14611009841b
3 TAG 3 -108.2255 3.059822 -38.96166 -101.551 3.74894 -36.63706 -99.38225 3.52021 -35.56155  33db9128-597e-9eb3-d909-ba868712bf61
3 TAG 3 -39.15982 0.8713226 -126.6076 -31.11523 1.086426 -122.4995 -19.56767 2.11042 -116.2035  9d2c641c-a189-785a-30dd-eda2b365e6e5
3 TAG 2 -37.89488 1.643181 -120.422 -38.96186 -0.1234436 -128.7403  8ab31a11-fa1f-65fc-424c-6a8ed40b0643
3 TAG 2 -40.57738 0.09716797 -128.5812 -40.53849 0.8358078 -140.9911  ce87b469-9bd9-4932-d9ef-48d796b11dd9
3 TAG 2 -53.40582 1.687141 -104.2225 -53.61163 1.793655 -115.6921  e77a3793-6022-8ee8-9973-0a51129b63b5
3 TAG 3 -80.65433 -0.9883804 -152.3643 -74.46943 -1.34269 -153.1785 -67.70406 -0.6451035 -152.9554  39b938a8-1ee6-3d1b-e3d3-651033ef9ee0
3 TAG 2 -72.76828 -1.094505 -152.2797 -77.97553 -1.857231 -155.9895  ce7b5222-95c1-ec80-cf05-77413326b22d
3 TAG 2 -84.49302 -1.191208 -157.0161 -78.49858 -2.023476 -156.0314  f9644d09-4460-6c91-8d0e-1f4c7d6c50c7
3 TAG 2 -8.818504 0.8147812 -123.9628 -7.904215 1.228172 -127.9545  bfda4f1a-a349-d3fb-3437-2f4be5abdc96
3 TAG 5 47.99361 -0.7002258 -139.7818 39.55326 -0.231636 -140.0363 34.28617 -0.7050323 -139.9338 26.85561 0.3839951 -138.6806 23.58506 0.2114182 -137.721  06cfda16-e6d1-9d8f-73ac-bba5e56fa820
2080882076_rosario2\rosario2.dxm|C:\Users\vizlab\Desktop\MestradoMosis\rosario2\rosario2.dxm|False|4|2080882076_rosario2\rosario2.jpg|C:\Users\vizlab\Desktop\MestradoMosis\rosario2\rosario2.jpg|False|2080882076_rosario2\rosario21.jpg|C:\Users\vizlab\Desktop\MestradoMosis\rosario2\rosario21.jpg|False|2080882076_rosario2\rosario22.jpg|C:\Users\vizlab\Desktop\MestradoMosis\rosario2\rosario22.jpg|False|2080882076_rosario2\rosario23.jpg|C:\Users\vizlab\Desktop\MestradoMosis\rosario2\rosario23.jpg|False
2080882076_rosario2\rosario2.jpg|C:\Users\vizlab\Desktop\MestradoMosis\rosario2\rosario2.jpg|False|0
2080882076_rosario2\rosario21.jpg|C:\Users\vizlab\Desktop\MestradoMosis\rosario2\rosario21.jpg|False|0
2080882076_rosario2\rosario22.jpg|C:\Users\vizlab\Desktop\MestradoMosis\rosario2\rosario22.jpg|False|0
2080882076_rosario2\rosario23.jpg|C:\Users\vizlab\Desktop\MestradoMosis\rosario2\rosario23.jpg|False|0
