1495553710_rosario2\descriptor.aod|C:\Users\gracielarr\Desktop\rosario2mosis\1495553710_rosario2\descriptor.aod|0
FreeHand 6 257
Measurement 263 1
Plane 264 1
Outcrop 265 1
UnityTexture 266 4
end_header
3 TAG 2 -117.4299 -0.7718277 -187.5219 -111.2946 -1.041191 -192.7791  0a85f4f9-ff47-16f4-cbf7-865951b0a132
3 TAG 2 -139.2712 4.133255 138.176 -139.0231 3.478699 119.9492  2fd7c7ec-e192-e9a8-56bd-0f471eca863c
3 TAG 3 -135.0313 1.165398 -169.0614 -134.908 0.7282257 -169.7581 -122.4936 -0.2425156 -182.8054  c4d002a7-9fe2-ef2f-5370-96a0c6066a8b
3 TAG 5 -134.2533 2.34977 -130.4292 -134.383 0.3159409 -135.203 -135.0499 -0.9799957 -140.8837 -135.2706 0.5659256 -145.9018 -137.1485 0.2045059 -159.9866  2773a0f0-5efd-3c50-1f47-d6e157090639
3 TAG 8 -139.3167 4.150471 104.7949 -140.3718 4.270306 89.22299 -141.2667 4.135639 78.12266 -140.9007 3.353771 68.48782 -141.5021 4.371391 63.8877 -142.4237 5.070232 54.55227 -142.5358 4.519785 51.53301 -143.3126 4.449923 34.03508  b8f45d4e-9753-ada0-50cc-187d06fe0de4
3 TAG 7 -136.326 3.814339 -58.3812 -135.2673 2.630173 -72.861 -136.5027 3.042542 -87.83079 -135.9048 2.364723 -94.9257 -135.6587 1.620155 -99.47798 -136.3212 1.867752 -107.1396 -135.1983 2.522644 -112.2839  bd60049b-5513-d7ce-3ad2-f85b0702633f
3 TAG 2 -144.1262 4.233292 20.20763 -141.0335 3.82563 -15.08433  59cc28ff-cf69-7f42-7b5a-f5cced6bce14
3 TAG 3 -138.0078 2.909019 -34.56966 -137.014 2.573021 -40.21972 -137.881 2.897652 -49.05164  f536a4c3-aeb2-c665-6a3a-3ec40778d4f0
3 TAG 3 -100.6465 -2.270973 -203.1287 -96.30366 -3.42289 -207.1138 -93.7903 -3.052612 -210.2602  22d869e5-0661-c702-c808-b2cd1bc89b40
3 TAG 2 -93.08154 -1.560425 -184.3034 -110.8598 -0.4215469 -192.4319  42536b57-c2ed-3be5-27d2-872185aa13d8
3 TAG 2 -101.5386 -0.7202072 -172.2122 -105.0016 -1.19648 -186.7921  488af529-8541-71f1-3fd0-73de92ca9c60
3 TAG 2 -121.5612 -0.03987885 -175.091 -120.2031 -1.270363 -186.035  aecdf2bc-5a34-bcde-edc3-138f426f1da2
3 TAG 2 -104.7719 -1.051933 -179.1748 -119.475 -0.5408554 -182.5053  f64407ad-7d8b-e12e-b5cb-17163acc6e39
3 TAG 2 -138.4463 2.246742 -171.6887 -141.0861 -2.597244 -188.5954  17d73002-ba92-b0e6-f8d9-fdaf6e894227
3 TAG 3 -155.2957 0.4205017 -173.298 -166.543 1.267372 -180.8133 -172.3513 0.7331924 -185.6613  54d68711-3906-b151-3cf1-ad951d84ce66
3 TAG 3 -180.9505 -0.01455688 -199.8823 -174.3249 -0.626564 -198.8574 -167.7595 0.3781662 -197.1692  3ded1ae6-1b98-5813-328d-cc9f3c45003c
3 TAG 2 -176.8925 -0.2164001 -210.2749 -176.7643 -0.71315 -206.0185  bb5832e5-428c-3c1b-165e-1d4062823df7
3 TAG 2 -158.3278 0.8310013 -181.8098 -159.5753 0.1508102 -194.5157  c12d5977-3a49-5b2c-f415-7802cf3abcc3
3 TAG 2 -160.9481 -0.05598831 -200.5347 -160.7531 -1.09211 -214.0704  2dad2ffe-94be-cc8b-55f6-9a40fc8d6a25
3 TAG 2 -159.7148 1.106014 -165.8335 -159.4043 1.177357 -175.2242  6b7a4331-6837-770f-1ade-4e3ec073291f
3 TAG 2 -133.3973 0.8042908 -136.0896 -120.5644 1.498718 -129.2216  1e94fefd-82de-b714-c753-1b5ac98f6bcb
3 TAG 2 -129.6044 2.596619 -122.0766 -120.2594 1.729488 -128.9623  2bcde560-93b2-c603-f0a0-d7e83335d472
3 TAG 2 -132.3864 1.040398 -137.2663 -127.044 0.3838043 -142.3542  42ae038f-6913-27b3-3e49-d0795d5d4330
3 TAG 2 -132.9052 0.6112213 -165.2038 -123.6547 -0.9164429 -159.1513  82da9b02-c9cb-2af4-520c-5cc156fbf88b
3 TAG 5 -135.5229 0.3228226 -159.3819 -123.2465 -0.04942322 -154.0331 -112.5801 -1.030983 -150.6044 -103.5673 -1.100128 -147.8267 -90.01597 0.7512894 -140.8915  91e9ea7e-93f2-4505-ae8d-a0c280cb6157
3 TAG 4 -118.1281 -0.1998062 -166.8886 -104.1503 -1.651344 -160.1343 -97.5998 -0.8303146 -156.172 -93.03067 -1.013451 -154.2121  707ec604-80ea-d611-1baf-fc69174fca5e
3 TAG 2 -176.0475 0.480751 -159.679 -163.405 1.665611 -148.601  dbc4bcf3-6e00-c0bb-0fbd-dca354a809c9
3 TAG 2 -156.2885 1.757492 -134.7125 -146.2037 1.402908 -129.7707  ce008d86-2cd4-c979-9235-358f95114509
3 TAG 2 -127.7077 1.796104 -115.6946 -105.6677 2.674377 -103.1604  0aad855c-d736-ad9f-d472-5234d52c5d96
3 TAG 2 -113.466 2.23925 -123.9567 -96.91461 2.727455 -112.6493  e335a498-6dbe-021a-75cc-a669d781e7b2
3 TAG 3 -96.44974 1.390091 -124.953 -97.53645 1.802231 -125.4557 -84.63496 0.8115463 -117.8163  3270f851-74c5-c97b-711d-b821cc75ae5b
3 TAG 3 -83.87715 0.5283813 -116.3616 -75.15 2.516212 -107.1983 -72.35315 2.729225 -104.704  04fdaf8e-b919-d7a6-3c60-85e9314181d3
3 TAG 2 -71.40752 3.028694 -104.8691 -61.76529 2.047165 -98.61099  d085ddb5-13eb-8b88-56f4-4fc89c6e2606
3 TAG 2 -69.53986 2.987991 -79.55319 -65.30708 2.33168 -99.81139  b34bbe94-b6df-ad4e-26b9-362f124572c1
3 TAG 4 -130.8842 2.447769 -105.1696 -113.57 2.766998 -97.26879 -101.4806 2.509689 -92.31198 -92.07822 2.303963 -89.46692  79321f76-aff7-8947-9d49-b2c6f066f0f0
3 TAG 3 -151.1564 3.113762 -96.52336 -141.1738 2.743301 -92.18989 -137.6411 3.044373 -89.57392  c9d961cc-3713-0592-2d5d-cc2d8b06e2c6
3 TAG 2 -152.3469 3.890648 -67.3498 -140.0003 3.554405 -59.42114  eeeee542-a155-425b-a990-3adcbcfc706e
3 TAG 2 -163.5138 4.894859 -74.39736 -154.8907 4.441711 -68.17035  e9c499f6-451e-d32e-9b47-a107d1fb8ce7
3 TAG 2 -130.9395 3.15937 -55.68537 -104.3071 3.552856 -42.23933  bf10be02-688d-7573-ee10-c1377f0ecc3f
3 TAG 4 -123.4054 3.514328 -72.34676 -100.6802 2.93219 -57.10215 -84.80955 2.649567 -45.77583 -76.28474 3.502365 -40.51225  450d6e9c-40c0-9f62-d6e3-0ba05c3f84f2
3 TAG 7 -70.20305 2.278099 -30.93069 -59.76221 4.225365 -24.50953 -49.81747 4.357292 -18.78684 -39.33423 4.120285 -11.63133 -23.68466 3.397743 -4.177629 -14.59689 3.271637 -0.2178974 -10.51054 3.961411 1.34144  015126ff-4c8a-c279-165a-ebb7fcd71149
3 TAG 4 -70.35582 3.179062 -35.60313 -69.73945 2.729828 -21.19693 -69.80215 4.416405 -13.59597 -69.35094 4.65451 -5.49076  0fbc85df-66f2-def7-afa1-3db60c7418df
3 TAG 6 -89.60176 4.263519 12.25335 -89.46176 3.701424 -0.4247241 -88.99553 2.934948 -12.15365 -90.12904 3.563244 -21.78136 -90.36179 2.128685 -29.13429 -90.92832 3.072975 -36.96046  e055cd87-f428-beae-d53d-a64ef508d4fe
3 TAG 3 -53.14266 4.238892 3.167076 -40.4454 3.962608 9.119913 -26.79915 2.815605 15.19198  b835386d-f5f4-de8e-d74d-1bc3c1277c70
3 TAG 6 -17.80355 3.026176 -7.670542 -9.87659 3.393639 -2.150005 -1.003578 3.234413 1.731879 6.560002 3.437248 4.796685 11.15028 3.566566 7.846189 15.9921 2.438629 13.99893  4309b5c7-bde7-4207-9ae6-938123b48fa6
3 TAG 3 -0.609611 3.172112 15.49379 5.562617 2.589149 18.60627 12.42422 2.324921 24.4201  53e5a54d-1ddf-a943-ac92-3f2d6fbc1c7b
3 TAG 3 12.00132 3.294773 5.210586 18.10107 3.104389 8.192455 24.76874 3.22464 13.13557  1e107407-cc1a-8648-294e-549b5946948f
3 TAG 4 37.84921 2.344177 20.76068 41.38126 2.556133 23.26637 47.28266 2.461052 25.54793 57.18067 0.9974747 32.65414  5311956c-7b4f-1fe2-87d3-f7cd8d5ecf8e
3 TAG 2 60.77548 1.24313 33.20093 69.78806 0.5013847 39.7118  b51e121c-7031-0390-fd40-22c02e9c9be1
3 TAG 5 23.96658 2.837154 31.80239 31.892 1.989952 37.49372 40.71505 2.184128 44.12269 48.70201 1.401035 49.48459 55.69956 0.8083611 53.52639  805f9196-fee2-e11a-2c1c-b93321b5f1e1
3 TAG 2 14.24575 3.179062 28.12064 21.4346 2.866577 31.97371  e216a39f-a098-a9d1-28c1-e9f9143f3592
3 TAG 5 24.95846 1.77684 27.64779 27.74736 2.593605 24.47405 31.03498 2.645454 20.43182 35.71918 2.939709 14.56569 40.70321 2.377182 7.178222  05e4910f-705f-d629-a9ae-1f185f8bc298
3 TAG 8 -9.595003 3.609615 71.82369 -3.247574 3.407768 59.84527 1.557111 3.33548 51.61257 7.687799 3.157185 42.73896 12.20871 2.536777 36.73942 18.25562 3.38908 29.11289 22.33673 1.479752 22.93665 25.87984 2.918339 19.15055  18c4ce08-840f-f53b-9307-8d01aef36f6f
3 TAG 2 54.02322 2.421494 -3.868183 57.91611 2.193932 -9.701388  fcf9e8c3-008e-da9a-baaa-a0521bd67c34
3 TAG 4 57.98259 2.434875 -9.143394 65.96622 1.510208 -19.26374 71.89781 0.9496994 -28.09815 79.7529 -1.884293 -38.25301  89e40359-8982-75f7-e3f3-11fd66a8ec67
3 TAG 8 27.12016 3.303017 -22.93319 33.48013 3.353241 -19.38731 40.61048 2.963749 -15.2495 48.86711 2.847218 -11.38819 57.86451 2.189304 -6.464497 60.30794 1.14463 -4.064122 67.23587 1.642403 -0.07795739 70.80295 1.548332 3.857173  59409e27-4cd6-81cc-3b73-d719c870d6b1
3 TAG 7 -69.81319 3.191391 23.63395 -59.73266 4.163361 10.37604 -56.37904 3.127647 7.115526 -51.75394 4.090012 0.8471127 -48.52743 4.386253 -1.409908 -43.1974 4.176208 -6.920067 -40.33504 4.333939 -11.30591  57ef1ce2-4cf3-5524-c7a6-5258fc08031f
3 TAG 3 -39.91946 4.156906 -13.14701 -27.65148 2.854904 -30.16455 -21.8385 3.638252 -37.24245  b556f610-8349-43b2-fb6b-8a9894d477ad
3 TAG 3 -18.6213 3.529449 -41.23575 -8.400532 3.666592 -52.85093 -3.878109 3.284367 -58.28418  32b175be-8e94-0fac-84a0-6c28c6cfe2c2
3 TAG 2 3.080635 3.654758 -50.51284 2.776094 2.618515 -61.83216  1bc51bcd-cfad-6301-55cd-c851daf5d2a0
3 TAG 2 -0.7798157 3.569347 -50.23504 -0.900301 3.066639 -60.92222  cfa47d8a-f9e5-714e-7cdb-065a2aa76000
3 TAG 4 -25.35061 3.703407 -37.48918 -16.78339 3.1703 -37.21626 -8.991115 3.134945 -39.67549 -3.031118 3.557987 -39.5038  420e21db-1ade-50f6-7c34-01cdae8fe069
3 TAG 4 -177.9214 4.678871 -44.90383 -161.9394 3.33744 -35.43704 -152.8348 3.618622 -31.77673 -146.4193 3.950264 -28.45507  21621a9a-f527-2092-df2e-f9076666d3d3
3 TAG 10 -137.5121 3.280655 -16.94668 -137.1538 3.218819 -17.14703 -121.5514 4.329987 -11.33628 -113.9525 3.979362 -5.858222 -109.9063 3.93856 -2.776919 -103.0655 4.223068 0.5778604 -90.26597 3.875847 5.787671 -78.36429 3.847847 10.9705 -70.26227 3.512459 14.18709 -68.27478 4.317719 14.35709  76ad7ef1-ed87-f21c-1d9c-3d02d74b3db3
3 TAG 2 -93.82382 4.177845 101.578 -93.13394 4.574566 90.51523  4a6a4552-1cab-2d47-c43a-d3e6f713b709
3 TAG 2 -92.82246 4.238239 87.01145 -93.62795 4.269386 70.16638  5d9bbbab-1048-6889-4c5d-ba163d5283b5
3 TAG 2 -93.70442 4.465427 67.35949 -94.34175 4.165714 52.73949  edc1c668-0d07-9ac4-4cd2-bec377605102
3 TAG 3 -94.43877 3.648335 50.56429 -94.46307 3.279831 40.34255 -93.52814 3.391556 34.31935  d754e1bb-ec08-b7ff-c160-67a05fa66885
3 TAG 4 -90.48643 3.703342 50.46057 -82.10418 3.912785 41.63512 -76.39207 3.887093 34.9874 -72.60115 3.497723 32.40897  0ca1ddd1-602d-2efb-6cfc-7d90475c4a96
3 TAG 3 -91.22723 3.929356 81.20142 -102.1655 4.379814 75.88029 -104.015 4.322266 72.72281  ab870678-d826-8087-97ea-ce9c58f5473b
3 TAG 2 -72.41038 3.639458 82.79454 -71.81313 4.088467 72.68158  bbcdd5da-993e-cd7a-3d52-8e636ab82136
3 TAG 3 -70.3432 4.379757 72.10226 -70.38765 4.310482 63.90197 -69.11057 3.763783 54.52035  850a4477-038d-c53d-da5e-ffe40f76b281
3 TAG 4 -75.16971 3.673 46.98472 -74.46105 3.445274 41.2915 -72.93452 3.471558 34.61658 -70.93995 3.929226 27.23577  57ef0f8a-0c5b-0598-9f5e-b9ca4c0282de
3 TAG 2 -169.4468 5.676777 0.6537018 -160.5921 5.019753 5.687797  f04d7111-5558-ba14-e64c-3d2b69fada45
3 TAG 2 -163.1729 5.447701 0.08062267 -159.4332 4.999001 6.574298  4ca0c897-a2d3-9fdd-78c0-fda11ae363e8
3 TAG 4 -147.3229 4.350861 21.01534 -150.3842 4.17366 17.33669 -152.098 4.045853 13.51426 -159.0136 4.981552 7.15827  c4c44e2c-831b-b7f2-c4c1-273661aeb1e5
3 TAG 5 -141.3858 4.229507 3.583901 -136.5106 4.227325 7.460493 -131.2952 4.15226 10.97524 -127.3265 3.380653 12.91448 -124.6115 4.00695 14.78801  1b835d31-a3f4-2311-5d17-4ba38dbf6cea
3 TAG 2 -148.1476 3.727882 -13.57178 -142.7965 3.888634 -2.376771  c72932a4-0cf5-72e7-ae03-b135ea5a1d8a
3 TAG 2 -125.1557 4.017895 13.15145 -117.6264 3.657467 17.45108  c928800a-6fe8-96f8-5745-3709f7d28f2e
3 TAG 2 9.447904 2.410698 -78.26418 -1.004263 2.334663 -68.48923  7cc9954d-3bab-5bca-2045-b0839244e9be
3 TAG 3 5.027379 3.084373 -66.95897 4.415969 1.851501 -89.47501 5.916032 1.79113 -96.30414  7891b557-a797-f437-368c-11473625c204
3 TAG 3 8.115876 1.468819 -80.16553 17.03045 1.677979 -92.36686 31.06997 1.94207 -110.238  9f71c220-08d3-4e37-197b-63fa65b2d1bf
3 TAG 4 25.01519 1.808472 -99.36356 38.90612 0.647995 -117.6216 45.61538 -0.02274323 -126.755 51.99216 -0.5137634 -133.1431  a309d055-450d-2dc4-882f-66151d6a86dc
3 TAG 3 38.7511 1.546761 -108.7562 47.98342 0.3883514 -121.2267 52.90594 0.4265671 -127.0511  3ef70804-e5b1-4de2-7a4f-2d22c1948fd2
3 TAG 2 46.82321 0.784935 -122.2154 59.23892 -1.478058 -140.1826  3b1dbcde-ebbb-f8f5-f6de-93b0074d787d
3 TAG 2 30.00492 1.436935 -94.60749 41.55973 1.128181 -109.6949  a6c3b581-95e1-e8f4-6cf9-bac06b427d13
3 TAG 4 23.8743 2.202934 -78.93011 24.11304 1.895012 -82.69039 24.69893 1.62603 -85.0741 24.89992 1.230232 -90.81384  9b91386a-0590-6adf-4db9-1ae663497471
3 TAG 2 28.82047 2.111504 -68.35724 23.24 2.446556 -60.53437  e826a57d-20b4-c0fe-3a8e-c05903c84f59
3 TAG 3 41.87566 1.432228 -81.92687 52.59075 0.4187469 -96.38954 61.43058 -0.9531555 -110.6749  9fb86d6c-ca89-dace-bce9-dd3294a83036
3 TAG 2 24.85006 1.118607 -134.5142 35.8996 -1.730682 -156.0802  0eb0c616-3405-b34e-4c2d-ca02eb332388
3 TAG 11 101.8276 -0.1975193 8.756031 102.446 -0.605402 4.112537 102.639 -0.6872368 1.999357 103.5016 -0.7391129 0.1222026 104.1075 -0.5169144 -2.684979 104.8759 -0.5974274 -4.502531 105.2057 -0.5106239 -6.109882 105.1641 -1.03178 -8.185709 105.9796 -0.7972221 -10.88391 107.2414 -0.5721493 -13.01291 107.9817 -0.7610302 -13.91834  484635ae-6418-9538-7d16-8af3a87e5073
3 TAG 8 107.4814 -1.030533 14.99057 95.90033 -0.09262085 6.790661 92.54061 -0.3912582 3.365452 86.40416 0.8683014 -1.409119 84.49007 0.4442825 -5.922131 81.53777 1.002396 -10.5225 78.23634 1.044044 -15.71716 73.33198 1.3806 -24.64994  3f32ec0b-2604-9ded-9766-ac3568e5dedc
3 TAG 2 93.29893 -0.1539612 -50.67699 112.4773 -3.188766 -74.02322  d98cfd9a-8b1c-206e-d068-5a92d0d150b3
3 TAG 3 116.1478 -1.416107 -36.55866 115.2056 -2.68322 -48.61795 117.0218 -5.244919 -58.81564  c016001c-bd8a-78d9-a57a-67b1f4c31fc2
3 TAG 2 118.4559 -4.743324 -59.69696 119.8746 -3.310532 -72.48235  43aea505-848c-b3c0-6974-58320900a35d
3 TAG 2 136.6222 -5.174538 -50.91997 118.0405 -5.083778 -58.96318  f9f5b5aa-1b9f-5bab-7ad2-9e38c3c30fdb
3 TAG 2 106.1409 -1.85968 -41.61574 106.4631 -1.631172 -56.51731  b00facbb-0f21-217e-d519-cf57e8778720
3 TAG 2 81.29492 -1.768684 -101.6838 89.60281 -3.002724 -123.5882  4ddc967f-307e-4995-5a09-d2603c3666f1
3 TAG 3 -67.52004 -0.6788635 -174.6734 -66.53049 -1.37561 -184.9943 -66.74278 -1.57901 -191.3309  8d03b1d6-1888-9d29-5813-7cc1a2caec8f
3 TAG 16 123.1472 0.6819534 50.28935 124.1411 -0.1211395 38.09537 122.988 -1.898453 32.89038 122.9773 -0.8222809 26.35003 123.5111 -1.422516 21.11728 122.522 -1.02037 12.1788 122.0009 -2.160614 4.286005 122.8655 -1.46801 -2.202845 122.9588 -1.277222 -5.941502 123.8108 -2.188637 -18.11913 124.7506 -2.636948 -24.11567 124.2289 -1.863121 -30.85862 125.3014 -2.708611 -38.26614 126.9055 -3.700851 -45.52593 130.8183 -4.657959 -52.77141 135.1296 -3.329643 -61.70465  7588542f-98de-0fef-b5ae-06fbb0e7051f
3 TAG 4 132.5822 -1.407722 -17.7452 134.5225 -3.899734 -33.77133 134.6273 -3.50827 -40.47216 136.3483 -4.455624 -49.11963  0dd58341-12c4-9878-e674-4978be624253
3 TAG 2 149.027 -3.598499 -29.78853 135.0375 -3.523476 -40.57504  773d1364-33dc-1e66-35bf-157213076cf2
3 TAG 2 -67.18003 2.509773 33.39689 -51.25853 3.797096 40.74958  26792115-3487-e989-7e70-1e90d72d2c7f
3 TAG 2 -43.96189 3.947998 136.5705 -43.68353 4.211853 105.5752  8991cc3e-9e7b-62f3-33ae-2658e14b57e5
3 TAG 2 -45.96365 3.840042 123.5361 -46.25378 3.788933 102.6705  cdd7c93d-08b1-92d6-b894-f5e29c6564a3
3 TAG 2 -47.30022 4.122414 93.97264 -48.02371 3.402176 70.00737  d19ad01c-f077-1117-1c8f-2d8355637ce0
3 TAG 2 -48.03917 3.723145 66.34068 -48.85307 3.130089 41.39164  b9f210bc-e80c-36a3-562b-3805264590ef
3 TAG 10 -0.882802 1.46817 168.1327 -0.5991964 1.979782 153.0157 0.009988785 2.596001 142.2383 2.806217 2.822731 132.5318 3.467207 2.843353 126.0428 4.502063 3.348862 118.8027 5.853044 3.386948 107.2394 7.216678 3.200729 94.43622 7.436054 3.07032 82.53644 8.824969 2.821602 70.6491  fdafd86c-8674-3f98-cd5c-85978ca12b95
3 TAG 2 15.06941 2.87336 52.15562 16.75728 2.198967 40.10515  bf4b4ae3-e87a-a334-3f4b-fb5e9fb92fd3
3 TAG 1 31.79929 2.538963 95.64856  f3dda447-d990-9e6f-84b9-7c2a4bc7a7ca
3 TAG 6 52.87624 2.052757 164.4791 55.85438 1.757095 157.7444 57.31324 1.738594 148.6253 58.05608 1.552246 138.0015 59.22446 1.63549 122.8935 59.45514 1.522881 120.5702  9319531d-7c5d-5959-fba1-6a66d581cddf
3 TAG 2 60.12546 1.404915 119.1172 59.63976 1.973557 103.2065  31304ae5-bfd5-22f9-7d64-127f48ff4943
3 TAG 2 51.7292 1.826797 114.1308 58.87885 1.72126 119.7037  cfe3a8bd-217b-0d9d-c545-369f3bdb13b9
3 TAG 10 75.88407 1.820032 64.59081 75.42076 1.685678 69.45667 74.80966 2.144627 73.74526 74.53384 2.08584 77.22238 74.97698 2.162104 80.21949 74.63805 2.010511 82.68272 74.4641 2.083973 84.81035 74.88565 1.85342 89.76707 75.32621 1.850533 93.35462 75.43275 1.817438 93.68625  1c5e0007-e5ec-9872-ca51-42b1dab4fdaf
3 TAG 3 73.52775 1.781288 144.4449 81.99218 1.647392 133.6045 88.65435 1.015728 125.8116  32f5fa82-67f6-965a-af20-27d41670456b
3 TAG 4 89.6094 1.045902 125.7383 96.0422 1.049011 117.6591 100.3518 1.011173 111.5102 103.689 0.9791336 107.2871  3cc7139b-6a70-a387-e8be-5957a8d71c4c
3 TAG 2 92.87544 1.567635 133.6149 90.12514 1.368435 128.6992  9143f1e8-8657-692a-8e93-e678de350600
3 TAG 2 107.9356 0.5243263 101.735 113.1715 1.036457 94.64622  f9ad2b7d-83f4-be17-85e0-0df2514c5c68
3 TAG 2 105.5324 1.003448 100.4018 114.7025 0.8964043 90.88449  343a0751-b358-98ef-cc33-068367d3a9a4
3 TAG 2 104.6675 0.8467903 116.0034 104.9902 0.6624146 105.5265  4c2b8c63-b9c3-b407-cd1f-19ae7cef9193
3 TAG 2 105.0189 1.105469 102.4068 104.7659 1.854031 90.3077  7354f63f-ee09-2a68-86cb-1b75fc7d053b
3 TAG 1 113.6443 -3.791107 -8.643364  4f9434eb-87a8-34a4-8a06-3fdb737f0439
3 TAG 7 9.221514 2.649914 41.24213 15.35137 2.696529 45.71466 19.12352 2.552769 48.45762 23.69286 2.469456 51.50108 26.60241 1.924389 53.60612 32.35082 2.849033 57.99721 35.44867 1.766987 61.72684  3e6fc914-73b6-f9f6-5d98-08d48dcdd7e6
3 TAG 3 28.30763 2.266823 52.27574 33.67243 1.833004 56.63248 37.09898 1.462662 58.22095  015c1340-498a-34cc-f823-32c23041aa96
3 TAG 5 32.62444 2.800598 52.04142 37.76869 1.690643 57.29103 41.5807 2.164673 59.67227 45.26084 1.245647 62.87213 48.39299 1.502998 65.8696  4988f4c7-ad16-45ad-4b7a-fa8143e105d3
3 TAG 3 43.87933 1.308147 60.80017 49.63918 1.161968 63.76092 57.8237 1.27224 69.82806  9bdaa3ef-c999-f442-a4fa-cbd090326d6c
3 TAG 3 25.06239 2.82159 68.5598 29.88734 2.105412 68.77168 36.97278 2.405708 70.82832  59e17812-f2ed-94ec-248f-80c08338e342
3 TAG 11 41.83163 2.567139 41.97421 37.158 2.351151 47.8 32.29512 2.202106 54.39485 29.31738 2.477253 58.99268 27.08556 2.829948 62.33621 25.14671 2.434982 65.54419 22.14801 2.95084 69.55009 19.28398 2.883957 73.7142 14.72993 3.029678 78.42188 11.77188 3.261963 81.40447 7.697377 3.615791 85.50616  5cd77bc3-96b8-2845-888f-5102fc8ede1d
3 TAG 5 35.3685 2.543858 76.07433 34.3768 2.705795 80.31657 33.91215 2.805767 83.64368 33.76587 2.791008 86.36349 33.48474 2.567501 92.50941  a52e9fe5-7076-581a-5e9f-994b2502082f
3 TAG 5 10.35907 3.513302 89.15276 13.47587 3.164673 86.51034 15.79698 3.291992 84.11382 17.83753 3.054604 81.73485 19.51798 2.920609 79.86855  0fca8c45-db0c-0ac8-76e8-43c475878f2a
3 TAG 5 34.44032 2.621807 75.51353 32.58339 2.589954 75.57577 29.84011 2.676525 75.85061 26.00702 2.812016 76.12041 22.29016 2.923309 76.5854  9859b136-fd11-951a-b27c-e66c5feea7b3
3 TAG 3 16.18684 3.331688 93.22855 17.5143 3.101841 88.34846 18.42368 3.20332 84.7412  e7416bd4-6763-e7ee-8176-917e7244bd42
3 TAG 2 12.64042 2.949341 80.00171 8.558907 3.203217 77.1394  851b7c06-257f-5d51-ece7-bc0686495865
3 TAG 2 7.91807 2.711262 93.58324 12.61396 3.4716 96.35096  87584c7e-4a36-78d6-ac9f-ec25143dc790
3 TAG 3 50.89837 2.478252 75.59203 55.12218 1.946533 75.55289 58.86506 2.13166 74.94411  883b3610-2510-4a3c-ddaa-fc064293d992
3 TAG 2 62.15956 1.570965 72.84216 66.04857 1.89056 71.73982  ecf5baf6-abb4-4aa0-9ae4-18266c248f17
3 TAG 5 62.73839 1.202606 69.86839 66.52785 1.828014 71.72234 67.91024 2.095406 72.72649 70.88059 1.957745 74.69045 74.20992 2.093948 77.0491  ec9b9008-cb88-06c7-bf30-fea81ccb2f01
3 TAG 3 68.89423 1.992687 72.55949 71.45804 2.112419 74.13011 74.4392 2.078548 75.72719  8f85c940-a8d0-af7c-7fea-b4dd5f470693
3 TAG 2 61.72454 1.626118 72.16314 64.55241 1.876541 77.03116  696535f9-1bc2-7379-e056-a6726f0e589c
3 TAG 4 60.116 1.297634 70.40125 59.48354 1.946968 76.0398 59.27644 2.451488 79.76359 58.70451 2.36787 83.98878  85ae9589-6717-4470-f910-1457fb1d3383
3 TAG 4 58.2987 2.328171 84.65138 58.26994 2.154209 89.73628 57.86716 1.973526 95.59496 57.60692 2.047737 103.402  86f1cf2c-bf8d-1315-dfa2-9cd261844d40
3 TAG 1 75.48019 1.803747 94.21399  f586859c-ad28-e62f-dbbb-ff130f6a8df0
3 TAG 5 106.5567 -0.007324219 46.20857 111.2569 -0.08916855 39.06448 115.8495 -0.1857452 32.95148 119.9345 -0.2128906 26.45042 126.359 -0.6379356 18.49198  8b94976a-0707-5df6-0259-6d410cfab649
3 TAG 1 95.92285 1.10783 27.68248  257360ae-4ab0-bc77-8aec-ec229b6c2057
3 TAG 5 116.9037 -0.307724 39.19181 123.0116 -0.7178879 36.28342 126.688 -0.657959 35.29433 129.8316 -0.4105492 33.43895 135.5941 -0.9841843 31.12758  03139186-fba3-a82f-a18b-521c7a2e3095
3 TAG 3 113.6243 0.2067604 51.842 109.6262 0.1992836 48.43089 105.1533 0.2932053 45.15358  6cf40553-52db-589c-2719-620be47b758a
3 TAG 4 133.3079 0.02009201 67.15672 132.8004 -0.449913 56.19851 132.3307 -0.5909309 48.79479 132.2589 -0.3161621 45.9748  a88978e7-d684-932c-d19d-d46fb5436cc4
3 TAG 2 132.2773 -0.3271027 45.76142 134.6533 -0.6568108 41.3356  1e1ea29b-8a2f-2391-1bce-3003f8d2ef77
3 TAG 7 141.8804 -1.77285 27.77133 137.9651 -1.168217 32.47845 136.7351 -0.9646149 34.9492 134.8242 -0.8207245 37.15857 133.177 -0.8059349 39.4805 130.5547 -0.3495293 43.28093 128.5392 -0.1652222 45.86193  bf809842-b37b-1313-22ec-19ee8111a1c6
3 TAG 5 133.0742 -0.4826088 42.43577 136.0542 -1.064156 37.82584 138.1247 -1.274544 34.16717 140.3971 -1.341019 30.93009 141.0347 -1.708622 30.04494  729f09bf-2521-6a16-9044-5cea21129c30
3 TAG 4 127.155 -0.616066 35.3628 129.8935 -0.4371147 37.4393 131.4799 -0.4254799 38.35722 133.2278 -0.7223091 38.97979  276e8b58-331a-a166-652e-6e5384260d12
3 TAG 6 137.8193 -1.127823 32.37151 133.1037 -0.9590492 29.88649 129.7472 -0.7367401 28.32592 128.2036 -0.6294937 27.15285 127.0051 -0.4370537 26.665 123.6447 -0.6269989 26.47945  db515d7b-1e05-b479-7b25-71cd962294de
3 TAG 7 154.9314 -0.5973015 84.93219 154.9712 -0.7087593 75.32973 154.5753 -0.9667969 69.94111 154.6399 -1.38752 60.65488 153.9853 -1.541569 58.3477 153.8956 -2.152225 53.88506 154.0567 -1.935215 49.81469  753066a2-9252-02e2-ed43-6d90212887ff
3 TAG 2 130.9857 0.3280792 113.353 137.2584 0.1529427 110.6614  2f176ded-e2eb-5de8-b2bf-354ea3a8d78c
3 TAG 2 139.6584 0.3665829 102.1457 145.7069 -0.2835941 97.75116  dd2d82e3-ac71-3db8-ec38-dc92c2e588d2
3 TAG 2 129.3361 0.4392757 109.3709 134.7549 0.2899628 106.1855  435142ab-8f9b-02c8-4183-dcddc6711554
3 TAG 2 126.6473 0.2741318 79.64372 132.3116 0.243206 84.70764  ceff27af-ef67-b8c8-2e54-f94f0d61ed2b
3 TAG 2 135.6004 0.1571121 86.94907 143.0539 0.3160057 92.7388  8222d7b8-c336-aaae-f604-99d4ac0bec87
3 TAG 2 126.5872 0.2265778 72.04578 120.4666 0.02956772 65.22147  9d02427c-ba43-d136-e50a-d7866c041669
3 TAG 5 125.9957 0.6045818 107.0074 126.0085 0.8657894 102.7639 126.2942 0.7502575 100.4441 126.7187 0.6367931 97.78743 127.2379 0.7454739 95.20644  db9726f0-272d-0427-c938-7d97e8ef8e4a
3 TAG 3 123.5314 0.8973732 101.8863 124.1268 0.8192101 98.71749 124.3088 0.8528862 96.49601  5ddcec48-a13f-a5d5-c182-29a8b29f7a70
3 TAG 3 121.2484 0.7100716 100.1999 120.9475 0.8212719 97.44812 119.4553 0.7625446 93.97718  c83d4527-c2d3-f68f-23bd-f00b44e74065
3 TAG 3 118.195 0.5063496 127.7639 118.7348 0.5085716 125.709 118.9018 0.460762 123.8249  1793cfd4-0edb-54e7-6ae5-492e08bbe105
3 TAG 2 118.6827 0.4285717 122.792 120.0265 0.5868664 116.8689  695cf29a-1290-7c13-2fc3-d972dc291b89
3 TAG 4 120.3073 0.9655895 104.6002 120.3121 0.6091633 111.3572 120.5635 0.3658466 114.0494 120.6181 0.3129864 115.1209  91fc919b-2e7e-380a-de0e-8cc357a275f0
3 TAG 2 124.4328 0.5833912 110.6951 120.7573 0.4276295 115.7459  76af3a31-93a5-e281-7e52-096b19539069
3 TAG 2 121.2661 0.4988041 115.2662 124.6552 0.3711052 116.1673  79c1ca0e-48fb-2fb2-b39d-fae5a94856f4
3 TAG 2 128.6868 0.2224998 117.2688 125.0133 0.3999176 116.453  6fe0effa-6620-77ef-e506-ffffaea4ba53
3 TAG 3 128.771 0.5651608 126.6714 127.2659 0.3323193 123.0805 126.3014 0.1596355 120.6351  5b4e91cd-cb25-d357-befd-7bbfa5c5b81e
3 TAG 3 124.9391 0.3048134 117.2655 124.6593 0.4647408 115.209 125.9674 0.4680843 111.8309  2dbc8ce4-7994-3a5a-04f7-24b867a4b997
3 TAG 4 128.026 0.5583 108.2278 129.3514 0.621069 104.9632 129.8161 0.5557652 102.9694 131.6994 0.5646076 101.1268  eac851a4-6819-a39d-c444-1e61bfef076d
3 TAG 2 132.4202 0.1730232 116.8411 129.8635 0.5020676 112.0125  37396dfb-0f1a-3517-d4ef-1201f3f22d57
3 TAG 5 129.7579 0.5155525 111.3266 128.7715 0.4345512 109.7022 127.3719 0.5268669 108.7195 125.9573 0.6198196 107.922 125.6414 0.6415176 107.7351  7979005f-7251-f2ac-47e5-bbc3326bb167
3 TAG 3 125.0425 0.6540337 107.1171 121.1179 0.7142258 104.2257 120.7922 0.7692146 104.1689  e7cc4e24-8e6a-cce5-5dd9-1f2810bf8a59
3 TAG 7 111.3645 0.7501945 110.6701 111.9817 0.9046516 107.6329 112.6433 0.9018898 105.38 113.3852 0.8495865 102.7288 113.3387 0.9990959 101.1773 112.9053 1.114536 99.14046 113.0665 1.114914 98.1519  dec7623e-5da9-2d86-c24b-81798897d467
3 TAG 3 128.4469 0.2508125 119.4082 125.8674 0.2170525 120.6632 123.8913 0.2472115 121.6306  30693cda-4c2b-4a7b-2308-22def184370f
3 TAG 3 128.5028 0.2386169 121.0288 128.9287 0.1388817 117.3269 130.116 0.3998375 113.6423  21163c7b-6029-335d-3f9a-97741bc41b4d
3 TAG 4 76.98375 1.702106 156.1947 75.11465 1.791746 151.9492 73.59029 1.694044 149.2111 71.64719 1.717649 145.3318  ff8bc18b-3c87-d042-5068-ecc43fea12a3
3 TAG 8 55.03609 1.599518 170.5358 58.82661 1.470814 166.0701 61.85571 1.595127 162.4944 64.85239 1.773449 158.9635 67.14043 1.872105 156.2228 69.02731 1.974949 153.9644 70.87581 1.944 151.347 72.38934 1.865551 149.0662  0f02391c-57a0-ebce-9da1-1f69b0c8e197
3 TAG 6 65.96644 1.916286 155.3801 68.0266 2.004318 152.6939 70.9383 1.800095 149.4283 73.07191 1.672329 147.1784 74.32047 1.816357 145.6008 75.82707 1.920433 143.6208  f6bdeb99-41ab-c174-bc12-847410d10d84
3 TAG 3 64.92107 1.843689 147.1456 67.53104 2.020084 152.274 69.75082 1.87915 155.7706  2dcb4204-4120-0e9f-b09f-6d52b3d7ae62
3 TAG 6 85.18613 1.192017 178.4794 87.39439 0.8631516 183.445 88.59814 0.6008797 187.1663 90.01849 0.4510498 190.2929 91.79855 0.4417725 193.4425 92.96739 0.3171501 196.2634  bc0d9002-88d3-0550-f776-62c205b8c210
3 TAG 5 74.65865 1.658451 170.7049 74.19277 1.515709 174.6829 74.00762 1.434032 178.3906 73.8455 1.230644 182.2375 73.23246 1.159256 186.7469  70962dd4-458b-565b-4fc9-21a0c992484e
3 TAG 3 93.69839 0.3269424 197.3146 96.18303 0.3249569 193.3254 98.67551 0.3544006 189.6894  b3ad59b2-df4b-d4c2-5db5-2a3437871126
3 TAG 2 105.2898 0.2839603 189.4199 102.5491 0.1147232 193.0241  1346dce4-1d7e-4421-97d8-48f2359269bf
3 TAG 2 103.2833 0.02037621 192.7625 106.0071 0.1148605 198.5366  f9e68476-435e-bf55-1ee0-6fa4115f6173
3 TAG 5 93.89712 0.5645294 191.4831 94.51268 0.3419151 193.9405 94.90171 0.3279953 194.9266 95.4304 0.3475704 196.066 96.36333 0.2939339 199.1155  aa5891e7-9a2e-18eb-ce1b-d7280c4fefe5
3 TAG 4 97.12138 0.5429649 185.9837 98.20184 0.5757313 188.1983 98.92995 0.3496838 189.6325 100.2664 0.08456802 192.1055  eca3f88b-dc78-1ff2-0de0-c02a0180f5ee
3 TAG 5 102.1692 0.2294216 197.0636 101.5838 0.2107944 197.7847 101.035 0.1743927 198.6752 100.2886 0.1371098 199.6598 99.09092 0.2084045 200.6228  59a4618b-6d1b-943f-d0ba-4b636d359343
3 TAG 4 52.9137 2.032001 148.5553 52.72963 1.66914 156.9546 52.65842 1.58223 162.0705 52.57261 1.66444 163.1351  27e06b52-f2e3-cac3-64ea-a56f93f15227
3 TAG 4 52.05834 1.767971 163.7534 52.18544 1.901562 168.6303 52.03089 1.812939 171.0486 52.16989 1.538467 173.3189  b6683f96-0d92-1497-b568-09f3b734cd4a
3 TAG 4 53.01126 2.114048 165.0653 54.306 1.855976 169.1396 55.15285 1.614521 172.2093 55.65941 1.635105 175.404  508e5ef5-d3a1-85b9-c6fa-b29ba5436386
3 TAG 1 48.02269 -0.05344009 -75.45327  e44a68c6-e2d4-d7e2-c17a-8e05746394ef
3 TAG 1 50.21953 0.4802589 -70.23495  656387d5-95c4-8891-de1e-b247fd0df1fa
3 TAG 2 48.06585 -0.04114532 -75.45712 50.29061 0.5882874 -70.34951  a03abc42-fb1a-bc74-3ae6-1a583fb5e380
3 TAG 9 39.75649 1.985828 -77.69839 44.60836 -0.1049843 -73.28026 50.07478 0.5089264 -70.12476 52.39064 -0.2776566 -68.03732 55.27802 0.5841484 -64.66518 56.57826 0.8990479 -62.11487 59.00659 0.8888359 -58.2402 61.7579 -0.6487465 -54.76037 63.58736 -0.3490829 -50.18937  db61e28b-3d5c-b92d-52d5-bdc38ca0dd52
3 TAG 3 57.69517 1.379299 -55.22385 64.0663 -1.874569 -51.7997 69.45292 -0.4603996 -48.17854  50234fb9-9212-518f-9baa-9acc6f801473
3 TAG 2 61.91848 0.5594482 -61.62152 67.88379 0.6672325 -57.08115  fc810219-ddfd-d8e8-82f8-e1b4c6c3f68b
3 TAG 2 69.76034 0.2725525 -55.56285 75.91387 -0.5128937 -51.8708  61a074d2-6401-7da4-83be-c58b3cf51049
3 TAG 6 71.40123 0.3882751 -78.33176 70.79012 0.1458054 -73.98849 68.67689 0.5867958 -70.06818 68.99311 0.9304085 -62.16004 69.39792 0.8537178 -60.03913 68.87474 0.4308052 -57.6328  b2472da6-627d-086b-b13e-7b693fb11fe1
3 TAG 3 54.76722 0.8732948 -85.09042 60.83939 0.3246536 -79.51465 66.48768 0.6082077 -74.81913  7bc71b94-ece2-f733-c364-46df4d54f2e8
3 TAG 2 -15.07493 3.455215 -17.50217 -16.4169 3.412544 2.74387  8c941248-cccb-3b06-57bb-57affdd33a86
3 TAG 1 -50.95048 4.032898 -40.31999  a097ff4c-52ba-9b04-267a-d728ff982fe5
3 TAG 2 -1.0118 1.77787 214.7395 2.347744 1.63851 209.844  02f7ab6f-ab2b-7f3b-ea9c-df9643ae49a3
3 TAG 2 1.920643 1.630236 209.5766 6.145261 1.445723 203.4401  adaf1372-4444-4bd6-e600-2bc862b4b1eb
3 TAG 2 6.735131 1.523977 206.3128 10.34412 1.41044 200.4237  532f0865-7c04-979d-ac87-8f76ba4bd31e
3 TAG 2 13.18465 1.276697 195.6002 15.06937 1.363255 193.4719  613256b2-8272-a2c2-9dc1-1523fd559988
3 TAG 4 15.27891 1.339912 192.8291 17.8245 1.365374 190.0247 19.91216 1.486526 187.2445 20.87528 1.492392 186.1464  735e1c40-3a64-15a8-09a9-18e77dcda06d
3 TAG 5 22.0396 1.475136 184.471 23.86927 1.591623 182.1824 25.27053 1.721127 180.433 26.975 1.718602 178.3634 28.17384 1.676343 177.0289  1a8b3d74-99d1-2f86-dd12-13217686fd99
3 TAG 7 29.27824 2.046286 176.1512 31.13732 1.580638 173.6052 33.28269 1.5431 170.7783 34.91904 1.555265 168.7791 38.29306 1.583164 164.8647 41.45434 1.714262 161.2215 44.00913 1.968843 158.2849  5d1ff6b0-9db1-f81a-8f20-0b3ed7f87fff
3 TAG 4 44.0918 1.978645 158.6288 44.91719 1.857639 157.5971 46.37518 1.845278 155.6649 47.11517 1.729809 154.677  3a3045e3-9c0c-6f64-8bb8-d4bc47723411
3 TAG 2 51.73917 2.066143 148.203 54.92377 2.022596 144.4073  1ccce904-2761-2f8d-eec6-9f561b8ee696
3 TAG 7 5.864005 3.288742 125.1924 12.79317 3.453171 122.1091 18.52267 3.390541 120.2315 22.65016 3.272831 118.7391 27.41192 3.103588 117.1206 32.44801 3.028212 115.47 36.79962 2.870499 114.6503  186c928c-65e6-02e9-f291-e5d78c1f97af
3 TAG 4 67.7807 -0.383934 -107.8194 68.02483 -1.97921 -113.4597 68.50136 -2.649078 -116.9126 68.2858 -1.935318 -120.5385  cc184961-9595-80a8-9818-0173f9f20164
3 TAG 2 82.35658 -3.001259 -95.9192 70.94743 -2.314064 -119.6115  f2cdcd12-b770-11c5-d448-3a8d808b444a
3 TAG 2 68.45943 -1.898918 -121.0698 64.35852 -0.8203354 -134.5787  145d6759-04de-b983-221f-33cce1603351
3 TAG 5 69.57016 -2.476536 -120.4407 73.12885 -1.693714 -118.6857 75.5369 -0.7654305 -117.8421 78.52843 -1.009533 -116.4722 80.99429 -1.496449 -115.1676  d77bea6d-3980-b4b9-b596-51fb2a8f4e62
3 TAG 6 67.52427 -1.452808 -120.4808 65.3808 -0.8510551 -121.9277 63.58953 -0.9240608 -124.0674 60.85209 -1.339466 -126.8716 57.79493 -1.321495 -128.8625 55.83681 -1.127308 -129.912  66894f32-8c47-fba2-367c-d1b9f1f3c4c6
3 TAG 4 55.15459 -0.8196068 -130.0757 57.68751 -0.7116623 -133.756 61.05068 -1.295898 -137.7522 62.25434 -1.233685 -138.992  9ae8bd88-7a75-6567-d076-c4ce0095ef6a
3 TAG 5 76.91682 0.8904572 -67.89313 76.35405 -1.525047 -81.47578 76.30083 -1.256256 -89.3397 76.85085 -2.936771 -97.51211 77.03233 -0.7074127 -102.5203  1778db43-f927-4104-59aa-a97dac21311d
3 TAG 2 94.86981 -1.641315 -69.47002 102.4734 -1.380817 -79.37518  b2d7a7aa-c893-d829-1453-5b8954029e9a
3 TAG 2 98.58653 -2.271145 -58.29501 94.77313 -1.723591 -69.21053  8346dc99-1822-c1ca-03eb-f5c444ff2587
3 TAG 3 113.6003 -4.494438 -10.19988 108.0274 -1.273838 -20.88448 103.569 -1.819675 -28.29195  cec43939-10b3-100c-95e2-9eee448c1f05
3 TAG 2 99.53568 -3.123409 -31.34386 95.16324 -1.931286 -40.27448  cd96588e-0457-147c-35ca-da77b581c44e
3 TAG 2 104.7034 -1.546635 -29.75989 104.5546 -0.6869164 -35.14526  5e3bbf07-ec10-0dcb-37e9-011a18e162f5
3 TAG 2 115.5344 -3.948627 -59.23958 111.221 -2.698643 -62.54522  f6e020e0-0aeb-09e1-8244-bafd7527eb2b
3 TAG 2 111.013 -2.94389 -63.21051 107.1348 -2.295597 -65.28902  2ed25202-9f4c-9a46-6c28-5f596a2ffcc4
3 TAG 2 104.4021 -3.075554 -69.7297 98.68879 -2.90271 -79.72189  825fa7dd-8292-4502-a1fd-490b7eac22e5
3 TAG 2 90.29778 -1.731365 -57.9998 87.91129 -1.798576 -66.65712  42a2ecd5-b09f-0fe0-9899-62f568ef9fdd
3 TAG 2 88.12171 -1.582626 -67.13308 88.71257 -1.888233 -81.13872  a11da005-2f5d-a09b-1078-c09b5b6a39f2
3 TAG 3 79.8849 0.4111671 -59.28185 84.46999 -1.226219 -63.86753 86.92458 -1.71125 -66.76201  47b1e3e7-01b2-b9f5-182f-d16f8397bcdd
3 TAG 4 86.3965 -0.9551773 -58.54668 84.2081 -1.13525 -63.0884 81.39082 -1.394547 -66.89063 80.69346 -1.659508 -69.25999  105f4c5a-5d09-5af7-311e-f6e268f775df
3 TAG 8 4.155664 1.863052 -102.4855 -5.050774 1.057564 -107.2393 -8.449014 2.094151 -110.2784 -14.38815 1.119675 -113.8868 -18.94361 0.7246552 -117.2291 -21.96136 0.4072685 -121.1156 -25.83482 0.7235489 -123.6288 -28.40665 0.2558403 -126.7139  d8e88074-113a-7fd3-8724-281f40f399d0
3 TAG 2 -30.30703 1.183708 -129.0798 -36.37068 0.591362 -136.1581  68a107fb-0760-0d9e-8676-bdf3b5cb6635
3 TAG 5 5.531316 2.568615 -114.2804 -0.9922128 0.8818398 -119.4157 -4.7157 0.8508034 -121.5052 -8.106508 0.7166138 -123.723 -11.52113 1.157627 -124.3854  3681fa1e-05a1-335a-5c24-e3cba4fff8bd
3 TAG 4 5.560686 2.611401 -101.0873 0.9284725 1.562023 -107.5984 -1.899528 -0.008747101 -111.5964 -2.769059 0.2539101 -113.2837  be9c6026-4100-18c4-7bfe-340e5ec25bc7
3 TAG 6 111.9139 -1.487621 -1.733192 111.306 -1.672459 -2.063091 110.6112 -1.498838 -2.923595 109.5719 -1.397465 -3.548521 108.2328 -1.299683 -4.096779 106.0064 -0.7185307 -5.943366  1382c2f7-5902-b446-5729-ac15729bff8d
3 TAG 4 147.618 -3.150272 -26.67965 143.9569 -3.329998 -26.663 140.2957 -3.30864 -27.48277 138.9865 -3.281837 -28.10054  076ee443-0842-c3bc-8991-4f64297e3a50
3 TAG 2 145.1407 -2.939365 -23.18287 142.7807 -2.912029 -25.27748  e7836323-5828-affd-d1b9-82caf1709e16
3 TAG 2 176.6557 -2.181938 71.8028 172.9859 -1.625072 75.67758  f19b1ad8-2f26-03fd-45bf-1c2062954564
3 TAG 4 179.5723 -1.559887 84.07465 175.3114 -1.686756 81.01803 172.8751 -1.409107 79.23266 171.4412 -1.486559 77.94468  ca865032-75af-8fb9-b399-eafda4b5910a
3 TAG 2 132.8235 -2.08725 -26.2639 128.7081 -1.358768 -29.93009  ad3b80c5-11be-4ab8-84c6-fe26ce7432bf
3 TAG 6 182.6922 -2.277712 57.63929 179.5716 -2.59845 61.03044 176.4357 -2.087242 64.91672 172.2335 -1.808596 68.80675 170.2055 -1.847433 70.97208 167.1931 -1.49333 73.90327  3417910a-b489-8933-bbb6-d8ad17a4386b
3 TAG 8 177.106 -2.470076 53.76522 174.2323 -2.380264 54.70736 172.4376 -2.491308 54.7747 170.4398 -2.580048 55.14609 169.1255 -2.244804 55.31788 167.4473 -2.134705 55.97697 165.8737 -2.07951 56.2959 165.2999 -2.170122 56.29166  c811358a-9f1c-be22-4a62-b147a878f5b0
3 TAG 11 160.9143 -1.822445 57.39474 159.1855 -1.890421 58.42896 158.422 -1.821714 58.83266 156.868 -1.718611 59.02341 155.6509 -1.568281 59.19044 154.6083 -1.563326 59.52016 153.398 -1.339621 59.80884 151.6684 -1.16979 60.9022 150.2273 -1.262056 61.65753 149.2249 -0.9801445 62.63959 147.5865 -0.8656559 63.95599  a9ca4cd3-9556-bbba-ec79-f6bff444de3f
3 TAG 6 175.6321 -3.418772 49.03658 174.4024 -3.047823 50.40982 172.8975 -2.635674 52.08649 171.6325 -2.514017 53.5032 169.8814 -2.27511 55.90017 168.102 -2.229933 58.77684  c4a63d1d-8832-d7fa-6e95-2e2d58b35229
3 TAG 6 -24.39836 -0.5543365 -166.9953 -23.53405 -1.176632 -171.2988 -23.09635 -1.183979 -173.1529 -22.37768 -1.200752 -175.1621 -21.88331 -1.546162 -177.7561 -21.16917 -1.774147 -180.5652  cfd8dfbc-1321-5131-ab75-dcf14b010567
3 TAG 2 -10.6593 -1.625175 -174.1294 -10.38066 -2.063709 -179.2287  f0998b07-12c9-0196-ac39-bec313c7eec5
3 TAG 4 -87.49889 1.323624 -128.5028 -91.33803 1.105938 -130.6123 -93.64681 0.8967419 -131.9128 -96.5692 0.9748116 -133.3653  556f22d1-a81c-da89-ebf3-c51cb005d5df
3 TAG 2 -92.59494 0.8757572 -130.1534 -96.60662 1.034409 -132.4231  b3e14f73-9e7a-2afa-58eb-63e9c22b0815
3 TAG 5 -169.9254 4.065895 -54.96237 -174.6199 3.71666 -55.2729 -176.9183 3.718088 -55.2091 -179.3184 4.218185 -55.66185 -180.7314 4.89852 -55.723  1c107b42-a56c-9ffb-6c82-e4cec5450fe0
3 TAG 3 -124.4657 3.30724 -55.18357 -129.4957 3.690395 -57.44522 -133.1103 2.579636 -59.99378  fd7f4e18-3724-4efa-5ded-316d119f1b0c
3 TAG 3 -0.5516191 3.98712 -30.72317 1.771617 3.776838 -33.98454 4.434919 3.468019 -37.91398  7100ca4b-d596-7aa4-dafe-2343d2738c8a
3 TAG 13 5.148612 3.249018 -38.62971 7.020559 3.652866 -41.32014 7.770005 3.538498 -42.61697 8.545059 3.6007 -43.98393 9.206176 3.236309 -44.72959 10.61064 3.255898 -46.92562 12.26925 2.220095 -49.5437 13.39753 3.086548 -51.58102 14.59147 3.046398 -53.22986 15.27094 3.449245 -54.37756 16.67728 2.369751 -56.18042 18.10163 3.014084 -58.2652 19.92346 3.071619 -61.00861  718a99ff-c01e-3f8e-f26f-c715242e193e
3 TAG 3 19.14545 3.152623 -54.2277 20.29881 2.987586 -55.65722 22.07714 3.045273 -58.03214  ac30c459-4142-ed81-2d10-c8f2858a6811
3 TAG 2 -3.238178 3.489927 -58.63654 -1.682858 3.463987 -60.02754  0f9d3ddb-c3bf-d37c-2cb1-5485815b6f4b
3 TAG 2 -75.77299 -1.556458 -181.6969 -67.366 -1.564156 -178.2014  1acbaa09-72f0-9e4d-7c21-a9221cdeab77
3 TAG 2 93.56788 -0.7292523 -30.46109 99.29755 -2.215946 -32.69753  19600da8-a7e7-12b6-ff91-b6719dc08a90
3 TAG 4 91.69598 0.03301859 -31.81528 94.70403 -0.4146399 -29.50123 94.60386 -3.245843 -29.76235 91.96332 -2.652793 -31.94674  c6da0a4e-c8b4-06f2-b66d-4eb3a0ddaca3
1495553710_rosario2\rosario2.dxm|C:\Users\gracielarr\Desktop\rosario2\rosario2.dxm|False|4|1495553710_rosario2\rosario2.jpg|C:\Users\gracielarr\Desktop\rosario2\rosario2.jpg|False|1495553710_rosario2\rosario21.jpg|C:\Users\gracielarr\Desktop\rosario2\rosario21.jpg|False|1495553710_rosario2\rosario22.jpg|C:\Users\gracielarr\Desktop\rosario2\rosario22.jpg|False|1495553710_rosario2\rosario23.jpg|C:\Users\gracielarr\Desktop\rosario2\rosario23.jpg|False
1495553710_rosario2\rosario2.jpg|C:\Users\gracielarr\Desktop\rosario2\rosario2.jpg|False|0
1495553710_rosario2\rosario21.jpg|C:\Users\gracielarr\Desktop\rosario2\rosario21.jpg|False|0
1495553710_rosario2\rosario22.jpg|C:\Users\gracielarr\Desktop\rosario2\rosario22.jpg|False|0
1495553710_rosario2\rosario23.jpg|C:\Users\gracielarr\Desktop\rosario2\rosario23.jpg|False|0
