2080882076_rosario2\descriptor.aod|C:\Users\vizlab\Desktop\MestradoMosis\Rosario\2080882076_rosario2\descriptor.aod|0
FreeHand 5 184
Measurement 189 5
Outcrop 194 1
UnityTexture 195 4
end_header
3 TAG 26 -141.357 -2.453125 -188.4232 -138.7668 -0.3699188 -173.8781 -137.1712 0.5432358 -161.0419 -135.9133 -0.5483856 -148.5584 -134.8943 -0.7898941 -141.1306 -134.3969 1.925591 -130.9637 -134.8476 4.215485 -117.5138 -136.0639 2.410385 -105.6742 -135.6989 2.178566 -95.90311 -136.248 3.148857 -88.0424 -135.0991 2.862511 -75.80128 -135.9312 2.528053 -62.37474 -137.0974 4.802391 -54.34298 -137.1895 2.455276 -41.6647 -139.202 4.147896 -25.3993 -142.6859 4.2575 5.401388 -143.9621 4.195045 19.82441 -142.9093 4.102692 34.26034 -142.076 4.032455 47.81676 -142.1371 4.517937 57.22516 -141.1712 3.459145 67.19754 -140.5331 4.277405 90.43867 -139.1181 4.762161 103.6866 -138.8448 3.191391 119.9822 -139.1995 4.062218 130.9893 -139.0502 4.044914 132.8734  17c28993-2c8b-12e8-d8df-2ca87848109b
3 TAG 2 -133.2597 3.324203 -56.98109 -103.6311 3.724922 -42.02092  75a41278-56d9-671c-51af-995b5030f8cc
3 TAG 4 -164.654 4.750954 -75.10442 -155.566 4.501427 -68.41584 -151.4329 3.849297 -67.13949 -133.3401 4.78006 -54.64251  10bbd5cd-e884-cbe6-6acb-e2614d8b3016
3 TAG 4 -180.7368 4.60257 -46.37879 -169.0088 3.985443 -40.59398 -160.1129 3.646965 -34.26738 -152.8654 3.47934 -30.73207  df916887-458d-9c04-046a-4ea0278df5a8
3 TAG 10 -67.92016 4.690407 14.31767 -73.4469 4.565445 13.23545 -79.2031 4.226593 11.17338 -92.1244 3.585327 5.385346 -101.1025 4.063049 1.326328 -111.2906 4.021355 -2.79834 -115.8052 3.82888 -7.181697 -121.08 3.863525 -11.06234 -135.4986 3.405418 -16.78268 -164.1539 3.056877 -25.83483  13745652-da83-a148-0151-35a9933b410c
3 TAG 15 -90.38765 3.168121 -40.23697 -90.05103 3.553764 -23.66615 -88.58755 3.699127 -7.842071 -89.73466 4.048157 3.782969 -89.17097 4.291191 12.73368 -93.9512 4.313354 28.18708 -94.04292 3.520302 40.36883 -94.3987 3.575211 50.90808 -93.80696 4.582458 67.00356 -93.68039 4.23201 79.57449 -92.80237 4.110313 84.88406 -93.23325 4.317352 94.40326 -93.36681 4.183174 99.1946 -92.89067 3.941833 103.4122 -93.24823 4.789421 108.1096  550f58b4-11d7-13e3-6b5a-e0f6ea9b9db0
3 TAG 6 -147.9897 4.536095 -0.7396612 -144.4288 4.644821 0.1007891 -139.5304 4.558807 5.736238 -129.997 4.189323 11.79858 -123.8769 3.955215 15.07892 -117.7097 3.724976 17.57141  f8fc55c7-8336-aeae-d495-c1e1261fd451
3 TAG 7 -163.2492 5.455818 -0.03854609 -159.4179 4.98999 6.58859 -156.1942 3.806465 9.609106 -152.1573 4.455276 13.19214 -147.5599 4.171028 20.72712 -141.5298 4.166695 27.15227 -136.0541 4.102707 39.65633  0f1f57f8-cb47-b601-c603-6c2506ef0262
3 TAG 12 -70.36282 3.18161 -36.65751 -70.03719 4.17646 -26.69936 -69.68742 4.085701 -17.0933 -69.97269 4.346359 -4.226427 -69.83743 4.258484 8.028816 -70.3293 4.518936 15.33293 -70.6237 3.932938 24.72063 -70.92883 3.995789 27.75726 -72.34396 3.397346 32.4936 -73.51553 3.062614 37.91988 -74.46759 3.321815 40.11473 -74.79866 3.471046 46.09189  f92a4d01-3ff9-6f02-c75b-ba7fec430f42
3 TAG 7 -72.43786 3.524208 32.18855 -75.10352 3.399002 33.78508 -79.14418 3.725235 37.76591 -82.33513 3.755241 41.70454 -85.73246 3.603966 45.13926 -89.15958 3.766586 49.06386 -90.85625 3.694221 50.40761  fdaee799-cc2a-f7de-5d0f-64616c235dde
3 TAG 9 -70.6605 3.900719 24.40688 -67.88843 3.583344 21.14834 -62.2342 3.454933 13.08798 -51.46677 4.23291 1.004607 -41.42352 4.307587 -9.083618 -37.47272 3.825577 -14.16727 -26.33631 3.919495 -31.07694 -13.97321 3.600487 -47.04744 -2.036634 3.482956 -59.90431  966e625d-d368-2412-eaf2-4505b9db0b8f
3 TAG 15 -8.410398 3.728226 1.856689 -11.12944 3.800644 1.570009 -14.51463 3.126419 0.311573 -18.31677 3.193733 -1.499838 -28.77359 3.337639 -6.560776 -38.26725 4.079292 -11.01827 -40.04161 3.852898 -12.49766 -48.60899 3.492279 -17.22387 -52.57876 4.317879 -20.03403 -59.71868 4.028938 -24.07719 -63.95965 3.485634 -26.94906 -67.40063 4.037262 -29.25987 -70.45807 2.297928 -30.93207 -71.91705 2.892479 -31.99513 -73.188 2.900681 -33.80459  d3f74e59-4d62-e06d-238c-6480b2d707a3
3 TAG 5 -124.5347 3.702484 -72.50111 -110.7243 1.636162 -63.93896 -98.18497 3.528755 -54.95456 -85.80962 2.648399 -46.84703 -75.76935 3.735077 -40.3068  71e9990b-553a-2b35-8a72-9e7c78c9cdb5
3 TAG 7 -101.2935 1.728157 -128.5847 -93.46959 1.62056 -123.0669 -85.19682 0.6070633 -118.1887 -79.7878 1.534256 -112.1032 -73.30738 2.58239 -105.7903 -64.47367 1.98307 -100.2366 -61.34371 2.156998 -98.28973  36eb0fa2-9fe0-c814-db82-093636394e9e
3 TAG 7 -137.4329 0.3857422 -138.6874 -128.2628 1.325546 -133.043 -120.0662 1.655243 -129.0141 -116.3041 2.054359 -125.7238 -97.5889 2.374466 -113.1781 -93.3406 2.571304 -109.262 -85.71751 2.503456 -105.517  b92e6c3a-931d-64ad-ff75-81918bc8c0f1
3 TAG 6 -89.16646 0.5742416 -140.3445 -98.70853 0.05433655 -145.5884 -109.8332 -0.7613678 -149.7115 -121.8211 -0.1393661 -153.2249 -125.6661 -0.7523804 -155.4033 -137.1011 0.1556931 -159.6146  515c5541-140d-38f4-6bbe-1a2c545e0ade
3 TAG 4 -173.1317 1.042351 -186.6078 -166.3311 1.359734 -180.8784 -160.2794 1.022598 -176.6665 -148.1559 1.107185 -169.8462  04494eb7-9602-f62e-fc5e-eca73f3e2bcf
3 TAG 3 -121.1383 -0.2627945 -156.6316 -131.3628 0.1927643 -164.1133 -138.9159 1.410271 -169.5083  b887818e-bd2e-d32c-e7f2-b8c5f62e9972
3 TAG 9 -87.82466 -2.701485 -216.6176 -99.18457 -1.842674 -203.7099 -107.0415 0.5933914 -196.6846 -113.7186 -1.589813 -190.4538 -116.8473 -1.885727 -187.864 -123.332 -0.600975 -182.1082 -127.6731 0.105751 -177.8066 -133.0918 0.1605072 -172.2831 -137.2555 1.352142 -166.911  7f76656f-bcca-ec68-9ddd-f1f413581af5
3 TAG 4 -104.0216 2.149384 -102.1148 -127.3946 1.789795 -115.7634 -145.314 1.66674 -125.8485 -150.78 2.144073 -128.8695  98b89a75-9826-b3dd-8952-f4e7039b6415
3 TAG 6 -134.484 2.284859 -107.981 -123.3702 1.991394 -100.9365 -117.5415 2.460228 -99.23939 -111.1659 2.995407 -96.18605 -102.8112 2.403015 -93.21478 -92.41521 2.463455 -90.10538  41503596-3d7c-dd5a-ff76-063c33635613
3 TAG 14 -66.40614 4.183296 18.66076 -66.07765 3.720444 24.65723 -66.57545 3.233902 32.38118 -67.51688 3.883812 40.7399 -67.68901 3.171738 49.08374 -69.0112 3.810585 54.04823 -70.12846 4.131859 64.28224 -70.28593 4.21553 69.56611 -70.60899 4.12738 72.60051 -71.7277 4.195839 73.11659 -72.4682 3.674469 82.47961 -74.50307 4.0653 87.98507 -74.7558 4.193329 91.16633 -75.75124 4.267494 95.49857  489d3dc0-9588-c49a-c4d2-79082af70b2f
3 TAG 3 -44.42218 4.015671 136.8388 -44.17264 3.724678 122.2231 -43.89507 3.829529 110.2942  1e0ce0f7-d05b-2a42-5d78-ac402a5d3c75
3 TAG 4 -44.40782 3.621002 127.6864 -45.74425 3.822533 125.2089 -46.1261 4.05925 113.2084 -46.54143 3.895233 99.64304  61b27e46-094a-b182-9cb3-dbc377347951
3 TAG 9 -47.25567 4.203453 92.33095 -47.37717 3.486137 81.03661 -48.048 3.270378 72.64565 -48.24855 3.443665 68.91792 -47.61071 3.49971 64.98781 -47.60884 3.591331 60.61543 -47.31595 3.210724 54.79504 -47.6505 2.44931 50.25208 -47.6129 3.632462 46.52839  bfa8a7b1-a420-3a5d-a1d6-89f03b9abeab
3 TAG 8 -26.1157 2.991859 15.22011 -32.21596 2.977249 12.33746 -37.72714 4.175446 10.48299 -44.4113 4.286713 7.283798 -52.40651 4.497681 3.444963 -60.01697 4.333557 -0.07104921 -66.49062 4.572868 -3.576854 -71.95578 4.717033 -5.431241  53412f62-4a21-eec0-7164-7823bfa67766
3 TAG 9 -29.3911 3.755562 -12.23504 -26.29507 3.784645 -10.09306 -22.46873 3.703857 -9.235682 -16.10794 3.189507 -6.512608 -10.85641 3.293945 -3.062568 -1.628038 3.256615 1.289785 8.633356 3.462158 6.168309 12.98156 2.735504 10.20793 16.67368 2.995125 16.09649  377e483a-94e4-7f63-140c-fdb517753399
3 TAG 7 28.51916 2.92662 17.03584 33.3632 3.383667 19.06171 39.32926 1.968369 21.96489 44.15411 2.62455 24.23112 49.24527 2.56411 26.55107 54.32578 2.10817 30.67856 58.78915 0.9972458 33.24312  62225aba-b6d7-e7e9-2c19-86fda491be28
3 TAG 7 54.60653 2.462128 28.28706 58.18446 2.098701 30.55717 60.25643 0.5523224 32.58087 62.52072 1.583122 34.72362 69.52447 0.3395615 40.03051 74.22619 1.125237 43.24942 80.6372 0.9673309 45.74207  453be47d-a0ed-864d-5191-faac37134d69
3 TAG 23 -1.642939 3.61747 14.4613 0.7165699 2.363274 16.63463 5.900407 2.532288 19.1348 9.777392 3.049042 22.4547 11.9474 2.356705 24.51598 13.91373 2.910088 27.46509 15.8469 3.248924 29.0782 19.72015 2.925919 31.13218 22.02739 2.690788 32.02698 24.9787 2.74984 32.76115 28.08488 1.708504 35.46397 30.25866 2.622803 36.74949 32.91996 2.375633 38.2274 36.25066 2.155388 40.45588 38.09613 2.205864 42.10724 40.77384 2.142296 44.40895 44.29992 1.823761 46.37675 47.24497 1.165321 48.29844 49.64849 1.828735 50.1131 51.91994 1.635803 51.41062 54.02823 1.363907 52.39818 56.74897 1.746712 54.18089 60.65513 1.73584 56.82473  1862ce9a-005a-32c1-5703-bcf17e3436f0
3 TAG 26 -6.109502 2.020943 224.2997 -6.12236 2.001297 224.065 -5.962925 1.793846 220.5989 -5.760917 2.055466 216.779 -4.852766 1.830269 214.9162 -5.256833 1.867134 212.2595 -5.106996 1.89679 209.0025 -4.826111 1.716026 205.92 -4.514356 1.585426 202.2814 -3.726724 1.424446 192.9184 -1.927399 1.319626 183.0912 -0.7915504 1.557892 178.7874 -1.17196 1.332787 173.6993 -0.7349916 1.645004 166.8012 -0.8274505 1.754456 156.9492 -0.4486386 2.484161 145.4668 1.59753 2.752419 136.3469 3.248679 2.517365 129.0617 3.948539 3.252281 120.6747 5.364438 3.406143 109.6596 6.652398 3.057182 101.7488 7.585874 3.073296 95.88575 7.698203 3.178963 88.89397 7.686359 3.190399 82.176 8.26913 3.077644 75.7075 9.004311 2.727318 70.17985  e7a5f397-43d5-fc15-0c21-696d64f5dae1
3 TAG 9 3.737914 3.372688 89.83055 7.555348 3.551109 85.96631 12.39348 3.020432 80.30526 19.04925 2.937996 73.80357 21.60932 2.581848 70.43777 25.2125 2.433746 65.22641 28.75294 2.668892 59.90251 34.5984 2.431526 51.14701 41.95692 2.446251 41.44421  21de8b6b-aa41-f950-d939-cf6c96aa2ec3
3 TAG 7 -10.98102 3.644356 73.73913 -5.04477 3.694695 63.38649 0.9428787 3.312447 52.09517 8.494239 2.89994 41.24432 16.64944 3.429825 31.14751 21.06679 1.982155 25.37131 25.88683 2.774124 18.68155  ff6b1f6f-973e-c14f-dff6-e6987a1be332
3 TAG 4 11.7153 2.954773 58.86714 14.9648 3.258194 53.07759 16.39551 2.634552 46.01665 16.76033 2.994911 38.70536  f71c0c0b-b497-4058-98fa-969045341d9f
3 TAG 15 10.03837 3.177757 44.48695 15.73474 2.491989 39.27856 19.0846 2.66198 35.09947 22.89326 2.856705 30.72702 25.87187 0.9296265 26.0062 29.65238 2.111076 21.42268 30.77491 2.524788 20.59072 32.47327 2.723549 18.87939 33.79662 2.592178 17.25386 36.95517 2.648712 12.76132 41.71644 1.860123 6.210037 41.29773 2.434067 5.047272 42.32628 2.628189 3.925377 43.02077 2.496529 2.880032 43.39317 2.22419 0.5320129  2b1315a7-b830-8647-7377-7ee15c678cfd
3 TAG 3 37.86798 3.291206 13.753 44.83928 2.77227 4.615927 49.27962 2.320953 -1.467612  55b7f631-44f4-a71c-f1b3-b4853e6c27d1
3 TAG 4 50.99918 1.883713 0.1964817 59.84927 2.507874 -11.42401 66.75348 1.859123 -20.3079 79.9698 -1.717003 -39.03857  fd7f4b3d-486f-e269-5206-f836b959850c
3 TAG 7 75.66032 1.415184 -26.44077 82.66237 -0.3826828 -36.16396 87.11055 -3.143929 -41.03841 92.58694 -4.377487 -48.47525 97.20691 -1.454002 -56.00143 103.4479 -1.500656 -63.13113 105.2327 0.2407074 -65.87438  19889506-6a6d-df0a-5f62-b67905d49ae2
3 TAG 7 46.66613 0.4748383 -77.00529 49.61769 0.7830734 -72.09298 51.27022 0.2008057 -69.19296 54.30072 1.030785 -65.33655 58.40859 0.3863602 -58.95539 62.0058 -2.124886 -53.66614 64.73433 -0.03649902 -48.54893  e53a3f5a-1df8-4729-0e01-f1cdb492a6aa
3 TAG 11 14.10813 2.426575 -49.50967 17.92592 3.191414 -53.42342 21.62518 3.195099 -57.11621 24.47537 2.413307 -62.04287 28.86788 2.172401 -68.0284 33.21653 3.914177 -71.94909 40.11163 2.072372 -79.19085 45.26774 1.108864 -86.20559 51.16609 0.6062393 -95.79474 56.73927 -0.1478271 -103.7655 62.65384 -0.6121445 -112.9268  a7468eea-03e7-64f0-8de6-8f8ad186078a
3 TAG 5 53.03968 -0.2080994 -134.5345 47.45332 -0.1299362 -128.0588 43.35056 0.7451096 -123.4196 36.88654 1.025436 -114.7889 24.91791 1.613449 -99.77197  a225f3f4-a6d9-fed8-35ea-a43cb12528b6
3 TAG 4 62.44783 -1.199432 -139.1589 52.8685 0.6700821 -127.2996 48.66177 0.2805405 -122.2037 38.68386 1.427505 -108.6114  9ae39bf8-988e-124e-646f-d8588d0e2048
3 TAG 9 31.12213 2.181015 -110.8982 28.71382 1.294586 -107.2096 25.61497 1.076706 -103.1336 22.65017 1.549454 -99.28401 20.0648 0.6251755 -95.83371 16.96819 1.726631 -92.09328 13.57099 1.959 -87.70299 8.727341 1.924812 -81.04629 7.481007 2.132492 -78.81241  cc62cb5f-e13b-be22-5948-d9ad0a24e262
3 TAG 2 30.18986 1.487206 -94.80097 41.96575 1.196686 -110.0024  777c59ef-1ab1-9d6e-ac85-d5c8d4995e83
3 TAG 2 4.4725 2.93058 -67.57356 4.805477 2.205032 -91.78392  57c5e306-2214-d943-c587-7a52a19f767a
3 TAG 7 122.7386 0.16539 56.35522 123.614 -0.08712769 43.97353 123.427 -0.5258713 35.60851 123.3778 -0.8291168 24.80136 122.8567 -1.323486 13.76546 121.9887 -2.317902 3.713367 123.8257 -2.057281 -6.74637  9d92f00a-bedd-0daf-fd68-8ffbd16f3d0c
3 TAG 6 100.8819 -0.1846771 14.5248 102.3663 -0.6276169 3.932755 104.3979 -0.7494659 -3.300207 105.3272 -1.240761 -9.115904 108.754 -0.7480164 -16.57547 109.5663 -4.465767 -19.05652  9e9c6b86-2857-dff9-7d6c-a9b4f8efc45a
3 TAG 9 108.6306 -0.8116226 15.49523 96.7578 -0.1739426 6.52107 94.18198 -0.0254364 4.015408 86.78627 0.7377777 -0.665442 84.94922 0.6245575 -5.392529 81.8211 0.5534668 -11.50006 76.39116 1.144119 -18.6036 74.25356 1.612808 -23.64081 71.52289 0.5321884 -27.38087  58389d0a-2ee8-80f0-5e4b-c588edd1ffb3
3 TAG 9 70.94855 1.352448 4.904979 67.77169 1.742752 -0.1819077 60.90899 1.714256 -3.901631 52.22038 2.312843 -9.31745 45.55698 2.624451 -12.92449 39.66275 2.844658 -15.67933 34.89108 3.233109 -19.17017 30.36795 2.996857 -20.75834 26.73838 3.352112 -22.84458  48f6d2c9-5e55-e03b-b087-240909296f1a
3 TAG 7 111.77 -5.826385 -13.21868 113.4226 -2.722099 -25.25285 115.9648 -1.739754 -38.3323 115.9308 -3.504036 -50.54485 117.8455 -4.256813 -61.27823 119.3282 -3.736549 -67.1504 119.6251 -2.689537 -73.20837  8c3612ae-94d2-5219-fd2b-cd2eef4efd8c
3 TAG 5 149.2076 -4.947037 -45.87432 131.7817 -4.678253 -53.07872 121.0061 -5.429955 -58.1254 115.5401 -3.963715 -59.29808 104.226 -0.5096588 -66.60137  1d2c1ae5-de14-ce1e-07a8-94780638a4b3
3 TAG 9 -159.7125 1.13871 -165.6741 -159.4316 0.7841339 -170.9451 -159.4539 0.8387604 -176.298 -158.3123 0.8087997 -180.2207 -158.4592 0.6636353 -183.5911 -159.5605 0.2796707 -188.9561 -159.8382 -0.211792 -193.8216 -160.1781 -0.0467453 -200.4803 -160.6687 -0.9371338 -215.1132  ab281a17-e8bd-3212-7457-445d74198e08
3 TAG 5 -111.8013 3.198494 172.2853 -111.3935 3.326279 164.22 -111.4958 3.262215 156.0021 -111.8353 3.383408 147.2865 -111.7475 3.780655 137.3024  733cae2e-fbb7-b97a-aaf2-1a58e28772f3
3 TAG 10 -104.8093 5.136665 106.9971 -105.4105 4.934532 115.958 -105.8239 4.718704 120.93 -105.9557 4.236176 129.0807 -106.751 4.153389 134.1038 -106.7801 4.062126 136.3193 -107.4624 4.06562 138.9915 -107.5139 3.729218 142.7454 -107.903 3.764992 146.5007 -108.0295 3.664352 147.7031  6a4dc73c-3f9e-d5eb-0904-bbe8202f5c14
3 TAG 4 51.27544 1.646057 185.2151 51.75557 1.531502 174.474 52.47696 1.597992 161.9941 52.75377 2.0186 148.461  7f03f1c1-5d59-85d3-484f-da7b48891b61
3 TAG 4 56.35831 1.705299 178.1331 55.42545 1.640312 174.7361 54.79556 1.658356 170.3439 52.69173 2.261841 164.9514  bc618bc7-1636-3362-9ce2-3fcf8aa3251e
3 TAG 3 6.17897 1.482521 203.1035 2.070976 1.570999 209.7877 -1.005854 1.769409 214.6378  70d7a938-594b-5763-e122-f5066ce40a99
3 TAG 4 -23.14045 2.37146 216.0907 -17.05816 2.128517 209.4153 -11.45533 1.875931 202.0929 -4.107172 1.155945 194.1698  4c539519-a873-ec4c-453c-997089568c7a
3 TAG 7 7.023882 1.485504 205.6917 14.07862 1.235519 194.2929 22.18419 1.460258 184.3428 31.46743 1.562119 173.2456 38.27992 1.59655 164.7414 43.55418 1.860756 159.0686 48.05194 1.77359 153.9394  2d21cfff-63d9-a741-1195-8b1fe671f50f
3 TAG 8 92.86668 0.3326645 196.7134 89.77515 0.4724579 189.9455 85.9283 1.113052 180.1623 80.47961 1.535797 166.4428 77.67168 1.623924 158.1072 75.14505 1.760826 151.7236 73.48456 1.719849 149.2208 70.82161 1.724808 143.8572  b41cd973-5b58-ca09-4607-7ac8a64be959
3 TAG 2 73.32821 1.153717 187.0113 74.25582 1.735748 171.0677  f73d1639-a124-283f-0f4b-bed82e6b6a0e
3 TAG 5 54.71184 1.646645 170.4862 62.51091 1.61882 161.304 65.71353 1.728157 157.8137 70.07658 1.981941 152.308 73.05559 1.741356 148.3212  90673db0-3cdd-c0fd-5549-c095b0ff4fe0
3 TAG 10 70.50067 1.868652 147.6276 77.68214 1.941246 139.3365 83.71179 1.193031 131.4672 89.47255 1.208061 124.9356 92.88333 1.116394 121.7651 96.19778 1.044327 117.3186 102.065 0.8465118 109.6609 104.6137 -0.1201782 106.1598 109.1363 1.039635 100.2158 119.9124 0.7882767 86.40264  9962fb50-5dce-1f56-16af-26f1cc7ed59e
3 TAG 5 105.3367 1.126434 143.9582 105.0308 1.660355 131.4549 104.7294 0.7648926 115.1264 105.2925 1.112122 102.8725 104.9938 1.344398 91.01191  850a521e-c937-87e5-f0a8-72f5db0bab64
3 TAG 13 52.43793 1.976402 165.4642 54.04836 1.589958 161.6597 55.11894 1.712738 159.4493 56.06249 1.715134 156.641 56.99022 1.967728 150.2672 57.80793 0.9073105 142.9868 58.75126 1.753395 132.9919 59.83811 1.528931 121.0498 60.08178 1.510605 116.6665 60.13717 1.976532 112.3451 59.71098 1.816414 110.4075 59.59117 1.985657 103.2748 59.92818 1.913742 98.85986  3c2a33e5-8576-b0cb-1e08-25cb39f83cb4
3 TAG 7 57.76507 1.883385 103.7728 57.78979 1.869698 97.76865 58.13514 2.092667 90.08906 58.28823 2.323181 84.6741 58.88896 2.407333 82.96356 59.5474 2.071297 78.33398 60.33402 1.53318 68.72198  c75fe6cf-9664-1a02-4d4c-2f21ebddd779
3 TAG 8 74.46079 2.076347 86.00513 74.47859 2.068634 83.10703 75.02011 2.156212 80.3134 74.53742 2.071411 77.88525 74.52953 2.063042 76.58154 75.07706 1.948235 72.21684 75.44125 1.847038 68.08989 75.89952 1.334312 63.54842  b4b9e822-55fe-f7dd-a20f-d90c50987340
3 TAG 5 2.12038 3.142822 35.05343 8.726692 2.59095 40.87233 14.98614 2.731354 45.55701 20.26417 2.029892 49.16473 23.76262 2.587334 50.7724  3b944eb9-814e-8dfa-582e-4b5b761a0a1a
3 TAG 5 32.3223 2.778595 52.5581 39.74251 1.420509 58.68776 45.48219 0.6718521 61.82137 53.13477 1.081085 65.74312 60.01976 1.262589 70.68007  246b4c42-dc1f-1f41-1c44-31e60fae6c1f
3 TAG 4 105.6622 0.3385849 47.50241 112.3301 -0.4593506 38.13597 118.9047 0.1800308 28.50681 126.9475 -0.6144409 17.69627  af10c420-57b2-c2dd-238d-60d676a2c346
3 TAG 4 155.0932 -0.7206116 86.4579 154.9288 -1.106064 71.88055 154.4813 -1.418663 62.78606 154.0964 -1.995132 50.82911  51e56a6d-4ded-1c61-4cf7-23d5794635ef
3 TAG 2 36.26007 -1.649849 -156.5659 23.22669 1.085739 -130.863  3b558522-326c-158e-3f3f-37030a101a42
3 TAG 8 51.22392 0.204689 -68.99887 44.27325 0.02288055 -73.28951 30.58501 2.279686 -86.24714 18.14388 1.991447 -98.44093 4.641877 3.264229 -114.7236 -2.865395 0.2060471 -120.59 -8.091471 0.7744827 -123.9986 -12.69638 1.184242 -125.8396  8d68d88a-648b-51ae-4bca-935ddd19140a
3 TAG 3 18.63527 1.87561 -82.36706 6.081657 4.886108 -98.45493 -3.80841 1.797676 -114.8087  8af133e0-525c-9c7b-ef31-07f250ae6e73
3 TAG 10 18.70783 1.021584 -91.88997 9.457597 1.507828 -97.20052 4.943777 2.216949 -101.6962 -2.291498 1.215317 -105.674 -8.162722 2.107437 -110.2684 -17.72042 0.4657669 -116.4711 -22.17603 0.3452301 -121.1488 -32.35694 1.143921 -127.7806 -41.66454 1.367119 -132.1729 -52.47387 0.1110001 -136.7269  6f0f2fc1-07bc-f8e1-2526-aaeaa75d8db0
3 TAG 9 -137.6778 0.682724 -170.5278 -129.6129 0.28936 -169.388 -114.3259 -0.4336014 -164.8851 -101.3816 0.42556 -158.9022 -98.39243 -1.269508 -156.6522 -92.75101 -0.981041 -154.0758 -85.46412 -1.034607 -151.0826 -80.6559 -1.136742 -149.8752 -74.13914 -1.362907 -146.7023  baf76daf-4299-567d-dec9-2497e1cc4e28
3 TAG 3 -95.56258 -0.1186905 -162.3857 -69.86861 -0.7837296 -158.2274 -46.72666 0.3706436 -154.3541  e085ed37-8ba6-af20-2d39-6ae75e9c7034
3 TAG 3 -57.97063 1.457756 -116.9138 -76.91556 0.1273727 -138.4277 -90.44035 -1.490257 -151.6014  667655d7-0aee-ed75-602f-80b3cd82d82d
3 TAG 2 -68.29324 3.326103 32.56561 -50.35211 3.482498 41.21873  7b20cf29-d3b9-8a4f-289c-8d80900952f9
3 TAG 5 -74.39488 2.848663 194.1668 -69.97374 2.991989 189.0869 -62.54688 3.039909 181.6723 -53.4878 3.225182 172.0709 -47.09618 3.391624 163.3445  63192506-6680-945c-6ef1-60d34ca24eca
3 TAG 5 2.853516 2.741364 126.8743 10.11866 3.344368 123.3728 22.6263 3.259232 118.8412 33.95202 2.796448 114.8482 37.76208 2.575996 113.3734  e0f15afc-5086-898b-2636-7669fe6b9144
3 TAG 4 61.28722 0.9713135 -61.95063 72.5316 0.7907333 -53.6262 82.98404 1.103851 -46.48236 89.80722 -2.73336 -40.95467  c9d23236-cdda-3b68-950e-28acc5eea2db
3 TAG 3 120.1559 0.03829193 29.97275 118.4138 -0.7989883 19.96678 115.9388 -2.698647 -0.4299955  c8fba2f5-8a64-23bd-ceb2-a3c1d1a33c38
3 TAG 3 104.9709 -0.2851334 -6.339439 112.8176 -1.606125 -1.417992 122.4007 -2.115311 2.267807  26e1a8b5-515b-e8a9-2b42-df177a8ac564
3 TAG 2 121.9106 -2.373444 3.980596 136.7503 -2.333336 -3.084227  f8083128-d584-fdfd-8436-88f24765199c
3 TAG 5 31.62243 2.409149 95.9429 33.25316 2.84185 90.66325 33.92963 2.915092 84.11588 35.03017 2.647346 77.05418 37.23542 2.336334 68.65254  a66fad3a-12d6-44a3-1591-16d9d8d9d6ec
3 TAG 2 90.1074 -3.282921 -123.4548 79.59389 -3.190239 -98.31218  f9b78f29-e699-84ca-e736-90a97cb955f7
3 TAG 4 -58.23135 -0.8447037 -159.1112 -48.78671 0.2879257 -145.9185 -42.95707 1.668365 -136.3863 -36.3894 0.3564835 -128.4198  fd0df803-bb05-3bac-6926-8aba8c2acaf3
3 TAG 2 -101.4395 -0.8127441 -172.7431 -105.118 -1.281891 -186.8774  4d930226-2d9c-dfd8-096f-f834610ea7a3
3 TAG 2 -93.53149 -1.445076 -184.3144 -107.3121 -2.145042 -190.4156  d88c759f-70ed-4e9e-5d57-c6f58986ec14
3 TAG 4 -153.9542 3.059891 -98.08897 -148.3634 3.603157 -95.1477 -141.0354 2.885918 -92.31614 -136.1263 2.945244 -89.57676  d7504329-98bb-be13-d7a9-9e7d2eda6be4
3 TAG 3 -160.1206 5.128044 5.782832 -167.0751 5.554932 2.271361 -170.4813 6.396721 -0.4557948  ddb755db-1389-d414-bf53-e9a8dbbb1a83
3 TAG 6 -122.6969 0.9973068 -138.4216 -121.6031 0.3771896 -150.3735 -121.3416 -0.6198654 -162.1221 -121.0791 0.170784 -171.4299 -121.1614 -0.6655502 -179.3232 -120.0813 -1.441917 -187.11  5bf2c206-9360-c92a-f011-b1388041ec9d
3 TAG 2 126.4853 0.2130585 72.0097 117.8566 0.1453476 61.93245  d14b6965-6c9e-bc79-6ad3-f6361cb29861
3 TAG 5 144.5883 0.1916351 94.49061 138.8864 0.2102432 89.22398 132.4852 0.3978043 84.47324 129.7527 0.5509644 82.20647 124.7064 1.312462 77.91943  d82e9760-8494-d1a3-e9ba-c6248215d27d
3 TAG 5 166.321 -1.541069 74.84725 172.2612 -1.830788 68.69753 175.7982 -1.879364 65.51048 178.3282 -2.145752 62.23835 182.8047 -2.26445 57.59021  c9bb16bf-8d8b-4c8b-9133-0e77caf5260e
3 TAG 2 133.3692 -0.01413727 66.74089 132.3725 -0.3883438 45.64157  4e00dce6-739c-3072-85c0-d9c91a4efa61
3 TAG 2 132.305 -0.3659058 45.49658 138.7655 -1.260803 32.44767  b8e8fa99-77a0-8648-16c4-79e44664ee53
3 TAG 11 106.2359 0.01210785 51.64236 108.7717 0.2393646 48.42451 111.3117 0.4801865 45.32267 116.3291 2.050034 40.51879 119.6265 -0.06350708 37.86238 121.9325 -0.2874603 36.59013 124.261 -0.4202957 36.13026 126.7938 -0.6353836 35.33356 128.9908 -0.5229187 33.86084 133.1339 -0.9532547 32.2501 136.1537 -0.7240219 31.21783  f634c425-7d2f-7d58-9edf-8be5d87cf266
3 TAG 2 113.7851 0.280838 51.75545 105.2961 0.2933502 45.48654  7b5ae37b-197e-302b-b1b0-349b4df8fd6b
3 TAG 6 123.3489 -0.7406921 26.26781 126.8496 -0.4851151 26.72595 130.4196 -0.6143341 28.34578 132.8993 -0.9751892 29.53243 135.9388 -0.8118973 31.22458 137.978 -1.040932 32.14016  d1fb30ba-9447-2e05-0bd7-d912afa1f03a
3 TAG 7 114.8202 -2.97686 -6.907927 112.6645 -5.403847 -12.07478 108.8667 -3.872795 -19.6913 103.1074 -1.743034 -28.73037 95.19281 -1.6577 -40.58918 90.60656 -1.833641 -57.43847 87.67941 -1.569351 -67.10495  a9b64561-e4dc-f270-8e32-2f2bee745fcc
3 TAG 2 88.27676 -1.633209 -67.54024 79.98626 0.3876572 -59.3605  0a19a013-e427-e439-da0a-3bce273fa529
3 TAG 2 86.20164 -1.078979 -60.5829 80.59628 -1.212395 -66.67857  e7c3eb9d-dae5-f93c-81f3-0d989762e2f6
3 TAG 2 88.45464 -1.956665 -68.73473 88.83125 -1.634674 -83.68121  fc97cbd7-b862-69b2-2ad6-fe532fd0f632
3 TAG 2 105.6998 -2.283707 -37.90459 106.4896 -1.307068 -57.23487  6299176f-4b26-7b3c-22a2-ef98546d2eba
3 TAG 2 94.84019 -1.66243 -69.4243 105.6128 -0.5137253 -81.94558  88f68f5f-5fe5-cf50-fb06-8b2684f84571
3 TAG 3 67.72148 -1.506424 -108.447 68.8447 -2.871925 -117.7864 67.93967 0.3480072 -131.6158  20b0712c-311f-f6e3-9021-b7858c813f57
3 TAG 3 85.03516 -3.993187 -111.3819 73.61572 -2.500603 -117.3886 65.09264 -0.8832321 -122.0048  7553f2a2-dec6-51f0-c420-ab421edc63b1
3 TAG 2 0.01209259 2.368347 -69.88049 9.48567 1.895615 -79.21848  f20c7c6d-a00e-5548-9bc8-4ce11755e725
3 TAG 4 23.78495 2.159767 -78.66322 25.10604 2.359367 -92.6392 25.39948 1.416924 -96.73038 24.84526 1.62236 -99.64988  45ffaf61-3e8f-c73a-2dd8-9dbca2fee621
3 TAG 2 9.387745 3.083374 90.88322 19.44661 2.959068 79.74195  892aa77c-1122-1bff-8b63-c964eb67561c
3 TAG 3 -124.545 4.716026 107.0309 -124.1192 4.932999 112.7594 -124.139 4.657814 123.6539  5bb2852c-4d3b-d79b-eed6-4d4987a04e76
3 TAG 3 -149.6365 4.598778 143.7061 -151.3821 4.84938 137.9059 -156.5036 4.773369 129.099  aed2f780-e7aa-6462-13c1-f5ee549c6f0e
3 TAG 3 -152.7638 4.725525 142.5928 -154.7861 5.069534 136.7299 -157.1972 4.956062 130.8372  cfa566dc-3f1f-5f8d-4955-b23260bad2db
3 TAG 4 -157.3927 4.828583 141.7379 -152.8946 4.725868 142.5997 -149.0267 4.516159 143.9034 -146.3553 4.406113 144.3458  6de7f729-d5ae-6a3b-c96c-2f30863eb410
3 TAG 2 -121.1029 4.224525 17.15561 -113.9331 4.247215 20.44883  1fb6387b-a188-e57f-f7f0-fea95042f676
3 TAG 2 -140.8836 4.415321 0.6868652 -148.4189 3.654747 -13.93941  a8014841-d926-aa66-ba02-4b9ce24fb2c7
3 TAG 2 -124.505 3.326904 -55.14452 -136.133 2.632668 -61.37325  92587d2d-ac52-4aa9-c37b-433cbeaa8dbc
3 TAG 2 -77.63638 3.6661 -31.4879 -78.27814 3.432243 -45.23663  0e527581-2005-0e6f-1eaf-ab03a235ff70
3 TAG 2 -133.4035 0.6902847 -136.3081 -126.952 0.3575592 -142.4939  aca2eb62-7449-e735-b782-53058e085543
3 TAG 2 -87.69033 1.335182 -128.6581 -96.73138 0.9794388 -133.4621  5f2e6aed-5e45-4e08-ca23-8c68bcddb415
3 TAG 2 -24.54031 -0.8082962 -167.3456 -19.67235 -1.466743 -186.0896  14c98ede-0044-0cdc-9afa-f0d45748b043
3 TAG 7 -12.07349 2.150513 -86.92083 -11.52471 2.13179 -91.03468 -11.97742 1.718674 -97.19804 -11.73362 2.007187 -103.6483 -12.12509 1.229149 -107.0756 -12.05892 0.6024551 -114.7636 -12.17379 1.25087 -125.3483  fdef2e07-33c1-4fe7-969f-a5d6f6092e5a
3 TAG 2 -32.12646 2.087578 -93.6336 -39.50846 1.83004 -104.9783  267cc503-3585-2284-98cf-6d09d311a53b
3 TAG 2 -0.7852654 3.582024 -50.19169 -1.21665 3.266312 -60.2808  ddc5b9d6-edee-1b7a-457f-725807a7ab7f
3 TAG 2 3.206482 3.646706 -50.71655 3.040092 3.073418 -62.55128  db1daf3c-42a7-8ec2-f78d-bbb157fbf759
3 TAG 4 0.4679785 3.918343 -32.11633 10.71684 3.302498 -47.0111 16.33264 2.457947 -55.88781 19.73947 3.075371 -61.02681  f76ee2a5-c61e-09b1-8023-18758e8ea0fc
3 TAG 2 36.89928 2.266937 59.0388 28.10175 2.474342 51.96048  49e48d47-1cd5-ad2f-7462-5920ed651abc
3 TAG 2 16.04328 3.279198 93.1768 18.33999 3.28685 84.59601  5ad59874-f306-2d37-a5d7-18a6927480b9
3 TAG 2 7.638895 2.693443 93.17386 18.18698 3.036842 99.42035  54150f18-7683-0cc6-113b-f34df572342e
3 TAG 2 79.5198 1.200218 102.2679 70.96352 1.255791 112.6739  356aaacb-5625-7e77-a06e-2b591c8fd8bb
3 TAG 3 130.7487 0.2931595 113.246 130.7031 0.3012772 113.2941 137.6087 0.38237 110.2685  6dd7a0b4-5305-94e7-7303-493d98879e21
3 TAG 2 133.5515 0.03282166 119.1849 128.9433 0.4070587 109.8516  d822dd78-58b0-446e-3b61-cef2ae942e8e
3 TAG 3 182.4315 -1.514107 87.48355 178.4046 -1.667053 83.22223 171.3262 -1.469643 77.76696  2aaa8fad-6a22-40c3-d9e2-1316c14411bf
3 TAG 3 178.8712 -3.216354 45.93171 170.0057 -2.812103 55.23154 165.8355 -1.61525 62.28025  b25e5194-8d18-5a29-e0b3-a620921e3b6f
3 TAG 4 141.8276 -1.56398 27.38274 135.891 -0.6915817 35.78298 125.9772 0.7016907 48.56787 122.151 0.3674011 52.17827  d8a63e1a-6ed9-a686-69ba-29fee0c96a12
3 TAG 2 135.6063 0.007896423 70.10175 121.9407 0.09986877 53.60073  49bc7d38-7f6b-84e3-7b39-fc88b9e18c64
3 TAG 5 98.72864 0.382576 36.25698 94.07598 0.7431641 30.6716 90.35476 0.2783356 26.54496 83.48817 1.005409 21.71341 75.78027 1.205757 16.43404  6dc9997a-9819-f6b2-639e-7074d535be44
3 TAG 2 132.4073 -1.50222 -17.94353 135.1565 -4.225021 -46.98644  c33b89ef-835c-b978-6b60-a70e5333f373
3 TAG 2 77.01212 0.8228226 -68.00378 76.61271 -2.670311 -98.14664  b66e845b-8aac-49dc-09af-baa98bfbb383
3 TAG 2 131.2116 -2.219452 -11.96216 112.2178 -0.310112 -30.88725  bf8b9ecf-3598-09e4-4aa5-6cb374694a3f
3 TAG 2 146.0429 -3.741318 -32.03103 134.7724 -3.503548 -40.83467  2c75193d-659b-7972-d3ed-80d341f94dc8
3 TAG 2 105.1743 1.013512 101.0799 115.0993 1.009529 90.34595  ce968e38-99f9-cd83-2526-d7e51590fc61
3 TAG 7 127.8791 0.4567108 110.1639 135.6593 0.3673553 105.3208 146.8462 0.0856781 96.16762 156.0891 -0.7513504 89.00732 167.3989 -1.314743 80.07007 171.3972 -1.524811 76.69071 176.8385 -2.202194 71.62387  4bd820bf-008c-cf07-1ac7-6048c8fcf0d8
3 TAG 2 107.4641 0.9644012 73.29541 82.66393 1.711266 74.02591  0f736a18-fae6-c927-7cff-336a6581235b
3 TAG 2 65.70623 2.187424 78.64732 61.73563 1.598511 72.34268  831c11cf-9646-b928-759b-0ed390d49fae
3 TAG 4 77.22585 1.555542 79.92859 73.65395 2.198662 76.73432 70.04196 1.999939 74.1901 64.77123 1.559341 70.3941  23b7d254-40c2-54c6-4123-c898df874625
3 TAG 3 84.21853 0.7115936 86.96802 88.64741 1.62133 92.36921 92.88654 1.211716 96.80563  c1c47d85-c447-4cd8-80ac-e5f037613bc4
3 TAG 2 70.69401 1.498146 118.5411 70.7779 1.474655 108.9285  ae6d82f3-66a0-df3d-3527-c171d053e47b
3 TAG 2 66.97511 1.271942 114.7156 63.6085 1.682159 108.9909  bb87a3cf-9bdf-10fd-fb15-7bbfb7de05a2
3 TAG 3 51.62789 1.830177 114.1349 55.06827 1.972191 117.0123 59.739 1.414604 119.9864  79162e47-56d4-965b-255d-25eea80ee6b8
3 TAG 3 -181.3204 1.203278 -182.8009 -181.9453 -0.7046661 -201.3411 -117.8315 -0.5647125 -173.6848  87884333-96d4-dd2f-5e19-527b86e62eb0
3 TAG 2 -117.0669 -2.308655 -190.2634 -117.9113 -0.4230881 -173.03  0eb45fec-091f-a8fb-f483-d2871c7e0793
3 TAG 2 -67.41184 -4.51918 -214.5777 -69.65266 -0.843338 -202.5275  9eeb20cf-6c32-cafb-8d99-158139346078
3 TAG 4 -67.49974 -0.6829224 -174.4615 -67.3542 -1.323395 -181.1213 -66.38286 -1.727776 -187.8021 -66.74448 -1.370628 -192.0051  612596b8-e24d-8263-3689-24e163566276
3 TAG 2 -103.0031 -1.515938 -178.4743 -127.1678 -0.4077606 -183.9558  cf2c0f54-f3aa-d235-fcfc-6fa6d4c97f64
3 TAG 2 -164.7861 1.071732 -174.1818 -171.4244 0.7607422 -179.9021  c10ec1f2-9e00-4f87-f3bc-4c40195e29de
3 TAG 2 -88.38303 -1.241859 -193.6561 -102.8564 -0.9239883 -198.2914  8bc10574-4bfb-3b5f-e703-d571e4e413c9
3 TAG 2 -36.93814 3.037926 178.497 -41.76113 3.523918 168.537  d1187c84-4714-b24c-1c34-408dcb9964b7
3 TAG 2 -16.1431 3.828209 65.16273 -5.38292 3.788544 65.59918  b2859c5a-d96f-2555-02ef-41722911b7f6
3 TAG 3 16.00376 2.984726 69.45849 24.2538 2.306602 68.4342 33.41471 2.355537 69.21994  38f11db8-ab31-b8f4-583c-de2dbb564433
3 TAG 3 -74.85967 4.068008 98.47614 -74.67507 4.747261 107.4346 -74.44334 4.937309 111.4117  7689e0db-805e-833f-baa8-60fda8a6c8d0
3 TAG 2 22.13879 2.975487 76.41454 35.46669 2.805237 75.21643  26ec0210-6f9b-7c59-5203-a9da51e8a036
3 TAG 4 86.79237 1.183197 56.01889 93.72772 0.2143326 47.82716 98.2315 0.158371 42.14733 100.7243 0.3774796 39.66303  c42f1d24-60e0-8519-cf39-5beece2cf331
3 TAG 2 140.9401 -1.59729 41.78795 142.5623 -2.670151 17.36719  8277d5fe-b123-cdf7-cd68-97593be0457c
3 TAG 3 118.7392 0.5340195 115.5163 106.309 1.341423 82.91156 99.28653 1.221397 77.92741  2dcebe7a-a3d5-25d5-6046-43e652bcafe5
3 TAG 4 177.4846 -1.888275 53.61406 171.2211 -2.713104 54.89112 164.1991 -2.025658 56.58128 161.5671 -2.091026 56.72078  47dea0f2-92bb-11f5-a913-04c9abde4783
3 TAG 2 111.613 0.89077 107.9193 113.4519 0.8978958 102.0676  b6c05be6-7b25-cfdf-6029-ca7873573156
3 TAG 3 -36.68334 4.054596 121.711 -28.1081 4.520027 120.2383 -22.21007 4.0616 119.198  776de8d6-c918-86ee-1726-8d9c2171f9be
3 TAG 2 -90.8803 3.929008 80.7213 -102.8368 4.229088 75.16044  6daa560e-c1f0-0a7e-48bc-583940f509f2
3 TAG 3 -149.3925 5.274315 65.27766 -147.8618 5.149094 58.77536 -147.7011 4.971542 53.83841  954f4e68-0e56-ffe3-d1bf-fde97a3f0c2e
3 TAG 2 -18.94765 3.571548 81.48474 -28.98773 3.705719 79.03033  3239df49-eeaf-6d71-d760-60e9e32bdb82
3 TAG 2 -21.39511 3.557465 76.05466 -14.72549 3.742859 77.17574  bdd064d8-dfd5-5dda-21ec-48618e66f2fe
3 TAG 2 74.46714 0.1875687 31.53358 74.11685 1.500298 23.94947  ee1e2ba3-8011-8dcb-fbc0-442280d06867
3 TAG 3 68.89716 0.9178009 -62.20614 69.91138 0.6288376 -72.06376 71.95153 0.6313629 -79.45487  58be63dc-2c87-4a56-c52a-88966294a923
3 TAG 2 98.05025 -2.81208 -81.03592 104.1007 -3.095436 -70.25909  082ae677-2eef-f560-e699-79c539f4dfd4
3 TAG 2 135.2816 0.009910583 63.89182 128.882 0.191185 74.23837  00376362-2843-a007-953a-09eb961a3ddb
3 TAG 3 93.44131 0.3302307 197.2582 99.47933 0.4597931 188.2874 103.576 0.4103851 183.8957  7d4ad159-ec28-236d-2341-ab967eb8ef5b
3 TAG 2 103.1953 -0.004814148 192.5101 105.9487 1.206337 188.2671  cfef13f4-e47e-7a75-30b4-94125fae9354
3 TAG 2 105.9808 0.1231766 198.6657 103.0915 0.02036285 192.3722  2b723faf-9c84-d97d-4495-78b4cc26e02f
3 TAG 2 100.2028 0.1000748 192.1451 96.73607 0.5995483 185.3517  918bd627-f0b1-ef76-bbba-1bb12a0f7ad3
3 TAG 2 141.6105 -2.954861 -17.48396 131.7633 -1.741325 -24.57993  31de31da-3066-e252-0fef-50ae697b979a
3 TAG 2 98.75074 -1.976894 -57.84177 94.64083 -0.4423904 -71.82033  d39b012b-aae5-6d00-c20c-0697f96fb57a
3 TAG -68.26108 3.312174 32.50684 -50.3673 3.47554 41.25133  ed7bad75-1b3d-f36a-48c7-f564a5be5d9a
3 TAG 82.66302 1.716551 73.9934 107.448 0.9645214 73.27782  95bc0f30-86b1-af54-381e-474c9a1ee662
3 TAG -24.54583 -0.8111401 -167.349 -19.67663 -1.465979 -186.0911  b2e05e99-ed61-6133-8985-fea6f85596e5
3 TAG -6.104714 2.019606 224.2914 9.035809 2.838915 70.2274  1258d1a1-3744-a446-2961-adc508656a01
3 TAG -36.98603 3.034755 178.5 -41.76915 3.531179 168.5408  9e319adf-9127-1fc9-a46a-9fcbd30843e0
2080882076_rosario2\rosario2.dxm|C:\Users\vizlab\Desktop\MestradoMosis\rosario2\rosario2.dxm|False|4|2080882076_rosario2\rosario2.jpg|C:\Users\vizlab\Desktop\MestradoMosis\rosario2\rosario2.jpg|False|2080882076_rosario2\rosario21.jpg|C:\Users\vizlab\Desktop\MestradoMosis\rosario2\rosario21.jpg|False|2080882076_rosario2\rosario22.jpg|C:\Users\vizlab\Desktop\MestradoMosis\rosario2\rosario22.jpg|False|2080882076_rosario2\rosario23.jpg|C:\Users\vizlab\Desktop\MestradoMosis\rosario2\rosario23.jpg|False
2080882076_rosario2\rosario2.jpg|C:\Users\vizlab\Desktop\MestradoMosis\rosario2\rosario2.jpg|False|0
2080882076_rosario2\rosario21.jpg|C:\Users\vizlab\Desktop\MestradoMosis\rosario2\rosario21.jpg|False|0
2080882076_rosario2\rosario22.jpg|C:\Users\vizlab\Desktop\MestradoMosis\rosario2\rosario22.jpg|False|0
2080882076_rosario2\rosario23.jpg|C:\Users\vizlab\Desktop\MestradoMosis\rosario2\rosario23.jpg|False|0
