2080882076_rosario2\descriptor.aod|C:\Users\vizlab\Desktop\MestradoMosis\Rosario\2080882076_rosario2\descriptor.aod|0
FreeHand 6 617
Measurement 623 7
ScaleStick 630 1
Outcrop 631 1
UnityTexture 632 4
end_header
3 TAG 26 -141.357 -2.453125 -188.4232 -138.7668 -0.3699188 -173.8781 -137.1712 0.5432358 -161.0419 -135.9133 -0.5483856 -148.5584 -134.8943 -0.7898941 -141.1306 -134.3969 1.925591 -130.9637 -134.8476 4.215485 -117.5138 -136.0639 2.410385 -105.6742 -135.6989 2.178566 -95.90311 -136.248 3.148857 -88.0424 -135.0991 2.862511 -75.80128 -135.9312 2.528053 -62.37474 -137.0974 4.802391 -54.34298 -137.1895 2.455276 -41.6647 -139.202 4.147896 -25.3993 -142.6859 4.2575 5.401388 -143.9621 4.195045 19.82441 -142.9093 4.102692 34.26034 -142.076 4.032455 47.81676 -142.1371 4.517937 57.22516 -141.1712 3.459145 67.19754 -140.5331 4.277405 90.43867 -139.1181 4.762161 103.6866 -138.8448 3.191391 119.9822 -139.1995 4.062218 130.9893 -139.0502 4.044914 132.8734  17c28993-2c8b-12e8-d8df-2ca87848109b
3 TAG 2 -133.2597 3.324203 -56.98109 -103.6311 3.724922 -42.02092  75a41278-56d9-671c-51af-995b5030f8cc
3 TAG 4 -164.654 4.750954 -75.10442 -155.566 4.501427 -68.41584 -151.4329 3.849297 -67.13949 -133.3401 4.78006 -54.64251  10bbd5cd-e884-cbe6-6acb-e2614d8b3016
3 TAG 4 -180.7368 4.60257 -46.37879 -169.0088 3.985443 -40.59398 -160.1129 3.646965 -34.26738 -152.8654 3.47934 -30.73207  df916887-458d-9c04-046a-4ea0278df5a8
3 TAG 10 -67.92016 4.690407 14.31767 -73.4469 4.565445 13.23545 -79.2031 4.226593 11.17338 -92.1244 3.585327 5.385346 -101.1025 4.063049 1.326328 -111.2906 4.021355 -2.79834 -115.8052 3.82888 -7.181697 -121.08 3.863525 -11.06234 -135.4986 3.405418 -16.78268 -164.1539 3.056877 -25.83483  13745652-da83-a148-0151-35a9933b410c
3 TAG 15 -90.38765 3.168121 -40.23697 -90.05103 3.553764 -23.66615 -88.58755 3.699127 -7.842071 -89.73466 4.048157 3.782969 -89.17097 4.291191 12.73368 -93.9512 4.313354 28.18708 -94.04292 3.520302 40.36883 -94.3987 3.575211 50.90808 -93.80696 4.582458 67.00356 -93.68039 4.23201 79.57449 -92.80237 4.110313 84.88406 -93.23325 4.317352 94.40326 -93.36681 4.183174 99.1946 -92.89067 3.941833 103.4122 -93.24823 4.789421 108.1096  550f58b4-11d7-13e3-6b5a-e0f6ea9b9db0
3 TAG 6 -147.9897 4.536095 -0.7396612 -144.4288 4.644821 0.1007891 -139.5304 4.558807 5.736238 -129.997 4.189323 11.79858 -123.8769 3.955215 15.07892 -117.7097 3.724976 17.57141  f8fc55c7-8336-aeae-d495-c1e1261fd451
3 TAG 7 -163.2492 5.455818 -0.03854609 -159.4179 4.98999 6.58859 -156.1942 3.806465 9.609106 -152.1573 4.455276 13.19214 -147.5599 4.171028 20.72712 -141.5298 4.166695 27.15227 -136.0541 4.102707 39.65633  0f1f57f8-cb47-b601-c603-6c2506ef0262
3 TAG 12 -70.36282 3.18161 -36.65751 -70.03719 4.17646 -26.69936 -69.68742 4.085701 -17.0933 -69.97269 4.346359 -4.226427 -69.83743 4.258484 8.028816 -70.3293 4.518936 15.33293 -70.6237 3.932938 24.72063 -70.92883 3.995789 27.75726 -72.34396 3.397346 32.4936 -73.51553 3.062614 37.91988 -74.46759 3.321815 40.11473 -74.79866 3.471046 46.09189  f92a4d01-3ff9-6f02-c75b-ba7fec430f42
3 TAG 7 -72.43786 3.524208 32.18855 -75.10352 3.399002 33.78508 -79.14418 3.725235 37.76591 -82.33513 3.755241 41.70454 -85.73246 3.603966 45.13926 -89.15958 3.766586 49.06386 -90.85625 3.694221 50.40761  fdaee799-cc2a-f7de-5d0f-64616c235dde
3 TAG 9 -70.6605 3.900719 24.40688 -67.88843 3.583344 21.14834 -62.2342 3.454933 13.08798 -51.46677 4.23291 1.004607 -41.42352 4.307587 -9.083618 -37.47272 3.825577 -14.16727 -26.33631 3.919495 -31.07694 -13.97321 3.600487 -47.04744 -2.036634 3.482956 -59.90431  966e625d-d368-2412-eaf2-4505b9db0b8f
3 TAG 15 -8.410398 3.728226 1.856689 -11.12944 3.800644 1.570009 -14.51463 3.126419 0.311573 -18.31677 3.193733 -1.499838 -28.77359 3.337639 -6.560776 -38.26725 4.079292 -11.01827 -40.04161 3.852898 -12.49766 -48.60899 3.492279 -17.22387 -52.57876 4.317879 -20.03403 -59.71868 4.028938 -24.07719 -63.95965 3.485634 -26.94906 -67.40063 4.037262 -29.25987 -70.45807 2.297928 -30.93207 -71.91705 2.892479 -31.99513 -73.188 2.900681 -33.80459  d3f74e59-4d62-e06d-238c-6480b2d707a3
3 TAG 5 -124.5347 3.702484 -72.50111 -110.7243 1.636162 -63.93896 -98.18497 3.528755 -54.95456 -85.80962 2.648399 -46.84703 -75.76935 3.735077 -40.3068  71e9990b-553a-2b35-8a72-9e7c78c9cdb5
3 TAG 7 -101.2935 1.728157 -128.5847 -93.46959 1.62056 -123.0669 -85.19682 0.6070633 -118.1887 -79.7878 1.534256 -112.1032 -73.30738 2.58239 -105.7903 -64.47367 1.98307 -100.2366 -61.34371 2.156998 -98.28973  36eb0fa2-9fe0-c814-db82-093636394e9e
3 TAG 7 -137.4329 0.3857422 -138.6874 -128.2628 1.325546 -133.043 -120.0662 1.655243 -129.0141 -116.3041 2.054359 -125.7238 -97.5889 2.374466 -113.1781 -93.3406 2.571304 -109.262 -85.71751 2.503456 -105.517  b92e6c3a-931d-64ad-ff75-81918bc8c0f1
3 TAG 6 -89.16646 0.5742416 -140.3445 -98.70853 0.05433655 -145.5884 -109.8332 -0.7613678 -149.7115 -121.8211 -0.1393661 -153.2249 -125.6661 -0.7523804 -155.4033 -137.1011 0.1556931 -159.6146  515c5541-140d-38f4-6bbe-1a2c545e0ade
3 TAG 4 -173.1317 1.042351 -186.6078 -166.3311 1.359734 -180.8784 -160.2794 1.022598 -176.6665 -148.1559 1.107185 -169.8462  04494eb7-9602-f62e-fc5e-eca73f3e2bcf
3 TAG 3 -121.1383 -0.2627945 -156.6316 -131.3628 0.1927643 -164.1133 -138.9159 1.410271 -169.5083  b887818e-bd2e-d32c-e7f2-b8c5f62e9972
3 TAG 9 -87.82466 -2.701485 -216.6176 -99.18457 -1.842674 -203.7099 -107.0415 0.5933914 -196.6846 -113.7186 -1.589813 -190.4538 -116.8473 -1.885727 -187.864 -123.332 -0.600975 -182.1082 -127.6731 0.105751 -177.8066 -133.0918 0.1605072 -172.2831 -137.2555 1.352142 -166.911  7f76656f-bcca-ec68-9ddd-f1f413581af5
3 TAG 4 -104.0216 2.149384 -102.1148 -127.3946 1.789795 -115.7634 -145.314 1.66674 -125.8485 -150.78 2.144073 -128.8695  98b89a75-9826-b3dd-8952-f4e7039b6415
3 TAG 6 -134.484 2.284859 -107.981 -123.3702 1.991394 -100.9365 -117.5415 2.460228 -99.23939 -111.1659 2.995407 -96.18605 -102.8112 2.403015 -93.21478 -92.41521 2.463455 -90.10538  41503596-3d7c-dd5a-ff76-063c33635613
3 TAG 14 -66.40614 4.183296 18.66076 -66.07765 3.720444 24.65723 -66.57545 3.233902 32.38118 -67.51688 3.883812 40.7399 -67.68901 3.171738 49.08374 -69.0112 3.810585 54.04823 -70.12846 4.131859 64.28224 -70.28593 4.21553 69.56611 -70.60899 4.12738 72.60051 -71.7277 4.195839 73.11659 -72.4682 3.674469 82.47961 -74.50307 4.0653 87.98507 -74.7558 4.193329 91.16633 -75.75124 4.267494 95.49857  489d3dc0-9588-c49a-c4d2-79082af70b2f
3 TAG 3 -44.42218 4.015671 136.8388 -44.17264 3.724678 122.2231 -43.89507 3.829529 110.2942  1e0ce0f7-d05b-2a42-5d78-ac402a5d3c75
3 TAG 4 -44.40782 3.621002 127.6864 -45.74425 3.822533 125.2089 -46.1261 4.05925 113.2084 -46.54143 3.895233 99.64304  61b27e46-094a-b182-9cb3-dbc377347951
3 TAG 9 -47.25567 4.203453 92.33095 -47.37717 3.486137 81.03661 -48.048 3.270378 72.64565 -48.24855 3.443665 68.91792 -47.61071 3.49971 64.98781 -47.60884 3.591331 60.61543 -47.31595 3.210724 54.79504 -47.6505 2.44931 50.25208 -47.6129 3.632462 46.52839  bfa8a7b1-a420-3a5d-a1d6-89f03b9abeab
3 TAG 8 -26.1157 2.991859 15.22011 -32.21596 2.977249 12.33746 -37.72714 4.175446 10.48299 -44.4113 4.286713 7.283798 -52.40651 4.497681 3.444963 -60.01697 4.333557 -0.07104921 -66.49062 4.572868 -3.576854 -71.95578 4.717033 -5.431241  53412f62-4a21-eec0-7164-7823bfa67766
3 TAG 9 -29.3911 3.755562 -12.23504 -26.29507 3.784645 -10.09306 -22.46873 3.703857 -9.235682 -16.10794 3.189507 -6.512608 -10.85641 3.293945 -3.062568 -1.628038 3.256615 1.289785 8.633356 3.462158 6.168309 12.98156 2.735504 10.20793 16.67368 2.995125 16.09649  377e483a-94e4-7f63-140c-fdb517753399
3 TAG 7 28.51916 2.92662 17.03584 33.3632 3.383667 19.06171 39.32926 1.968369 21.96489 44.15411 2.62455 24.23112 49.24527 2.56411 26.55107 54.32578 2.10817 30.67856 58.78915 0.9972458 33.24312  62225aba-b6d7-e7e9-2c19-86fda491be28
3 TAG 7 54.60653 2.462128 28.28706 58.18446 2.098701 30.55717 60.25643 0.5523224 32.58087 62.52072 1.583122 34.72362 69.52447 0.3395615 40.03051 74.22619 1.125237 43.24942 80.6372 0.9673309 45.74207  453be47d-a0ed-864d-5191-faac37134d69
3 TAG 23 -1.642939 3.61747 14.4613 0.7165699 2.363274 16.63463 5.900407 2.532288 19.1348 9.777392 3.049042 22.4547 11.9474 2.356705 24.51598 13.91373 2.910088 27.46509 15.8469 3.248924 29.0782 19.72015 2.925919 31.13218 22.02739 2.690788 32.02698 24.9787 2.74984 32.76115 28.08488 1.708504 35.46397 30.25866 2.622803 36.74949 32.91996 2.375633 38.2274 36.25066 2.155388 40.45588 38.09613 2.205864 42.10724 40.77384 2.142296 44.40895 44.29992 1.823761 46.37675 47.24497 1.165321 48.29844 49.64849 1.828735 50.1131 51.91994 1.635803 51.41062 54.02823 1.363907 52.39818 56.74897 1.746712 54.18089 60.65513 1.73584 56.82473  1862ce9a-005a-32c1-5703-bcf17e3436f0
3 TAG 26 -6.109502 2.020943 224.2997 -6.12236 2.001297 224.065 -5.962925 1.793846 220.5989 -5.760917 2.055466 216.779 -4.852766 1.830269 214.9162 -5.256833 1.867134 212.2595 -5.106996 1.89679 209.0025 -4.826111 1.716026 205.92 -4.514356 1.585426 202.2814 -3.726724 1.424446 192.9184 -1.927399 1.319626 183.0912 -0.7915504 1.557892 178.7874 -1.17196 1.332787 173.6993 -0.7349916 1.645004 166.8012 -0.8274505 1.754456 156.9492 -0.4486386 2.484161 145.4668 1.59753 2.752419 136.3469 3.248679 2.517365 129.0617 3.948539 3.252281 120.6747 5.364438 3.406143 109.6596 6.652398 3.057182 101.7488 7.585874 3.073296 95.88575 7.698203 3.178963 88.89397 7.686359 3.190399 82.176 8.26913 3.077644 75.7075 9.004311 2.727318 70.17985  e7a5f397-43d5-fc15-0c21-696d64f5dae1
3 TAG 9 3.737914 3.372688 89.83055 7.555348 3.551109 85.96631 12.39348 3.020432 80.30526 19.04925 2.937996 73.80357 21.60932 2.581848 70.43777 25.2125 2.433746 65.22641 28.75294 2.668892 59.90251 34.5984 2.431526 51.14701 41.95692 2.446251 41.44421  21de8b6b-aa41-f950-d939-cf6c96aa2ec3
3 TAG 7 -10.98102 3.644356 73.73913 -5.04477 3.694695 63.38649 0.9428787 3.312447 52.09517 8.494239 2.89994 41.24432 16.64944 3.429825 31.14751 21.06679 1.982155 25.37131 25.88683 2.774124 18.68155  ff6b1f6f-973e-c14f-dff6-e6987a1be332
3 TAG 4 11.7153 2.954773 58.86714 14.9648 3.258194 53.07759 16.39551 2.634552 46.01665 16.76033 2.994911 38.70536  f71c0c0b-b497-4058-98fa-969045341d9f
3 TAG 15 10.03837 3.177757 44.48695 15.73474 2.491989 39.27856 19.0846 2.66198 35.09947 22.89326 2.856705 30.72702 25.87187 0.9296265 26.0062 29.65238 2.111076 21.42268 30.77491 2.524788 20.59072 32.47327 2.723549 18.87939 33.79662 2.592178 17.25386 36.95517 2.648712 12.76132 41.71644 1.860123 6.210037 41.29773 2.434067 5.047272 42.32628 2.628189 3.925377 43.02077 2.496529 2.880032 43.39317 2.22419 0.5320129  2b1315a7-b830-8647-7377-7ee15c678cfd
3 TAG 3 37.86798 3.291206 13.753 44.83928 2.77227 4.615927 49.27962 2.320953 -1.467612  55b7f631-44f4-a71c-f1b3-b4853e6c27d1
3 TAG 4 50.99918 1.883713 0.1964817 59.84927 2.507874 -11.42401 66.75348 1.859123 -20.3079 79.9698 -1.717003 -39.03857  fd7f4b3d-486f-e269-5206-f836b959850c
3 TAG 7 75.66032 1.415184 -26.44077 82.66237 -0.3826828 -36.16396 87.11055 -3.143929 -41.03841 92.58694 -4.377487 -48.47525 97.20691 -1.454002 -56.00143 103.4479 -1.500656 -63.13113 105.2327 0.2407074 -65.87438  19889506-6a6d-df0a-5f62-b67905d49ae2
3 TAG 7 46.66613 0.4748383 -77.00529 49.61769 0.7830734 -72.09298 51.27022 0.2008057 -69.19296 54.30072 1.030785 -65.33655 58.40859 0.3863602 -58.95539 62.0058 -2.124886 -53.66614 64.73433 -0.03649902 -48.54893  e53a3f5a-1df8-4729-0e01-f1cdb492a6aa
3 TAG 11 14.10813 2.426575 -49.50967 17.92592 3.191414 -53.42342 21.62518 3.195099 -57.11621 24.47537 2.413307 -62.04287 28.86788 2.172401 -68.0284 33.21653 3.914177 -71.94909 40.11163 2.072372 -79.19085 45.26774 1.108864 -86.20559 51.16609 0.6062393 -95.79474 56.73927 -0.1478271 -103.7655 62.65384 -0.6121445 -112.9268  a7468eea-03e7-64f0-8de6-8f8ad186078a
3 TAG 5 53.03968 -0.2080994 -134.5345 47.45332 -0.1299362 -128.0588 43.35056 0.7451096 -123.4196 36.88654 1.025436 -114.7889 24.91791 1.613449 -99.77197  a225f3f4-a6d9-fed8-35ea-a43cb12528b6
3 TAG 4 62.44783 -1.199432 -139.1589 52.8685 0.6700821 -127.2996 48.66177 0.2805405 -122.2037 38.68386 1.427505 -108.6114  9ae39bf8-988e-124e-646f-d8588d0e2048
3 TAG 9 31.12213 2.181015 -110.8982 28.71382 1.294586 -107.2096 25.61497 1.076706 -103.1336 22.65017 1.549454 -99.28401 20.0648 0.6251755 -95.83371 16.96819 1.726631 -92.09328 13.57099 1.959 -87.70299 8.727341 1.924812 -81.04629 7.481007 2.132492 -78.81241  cc62cb5f-e13b-be22-5948-d9ad0a24e262
3 TAG 2 30.18986 1.487206 -94.80097 41.96575 1.196686 -110.0024  777c59ef-1ab1-9d6e-ac85-d5c8d4995e83
3 TAG 2 4.4725 2.93058 -67.57356 4.805477 2.205032 -91.78392  57c5e306-2214-d943-c587-7a52a19f767a
3 TAG 7 122.7386 0.16539 56.35522 123.614 -0.08712769 43.97353 123.427 -0.5258713 35.60851 123.3778 -0.8291168 24.80136 122.8567 -1.323486 13.76546 121.9887 -2.317902 3.713367 123.8257 -2.057281 -6.74637  9d92f00a-bedd-0daf-fd68-8ffbd16f3d0c
3 TAG 6 100.8819 -0.1846771 14.5248 102.3663 -0.6276169 3.932755 104.3979 -0.7494659 -3.300207 105.3272 -1.240761 -9.115904 108.754 -0.7480164 -16.57547 109.5663 -4.465767 -19.05652  9e9c6b86-2857-dff9-7d6c-a9b4f8efc45a
3 TAG 9 108.6306 -0.8116226 15.49523 96.7578 -0.1739426 6.52107 94.18198 -0.0254364 4.015408 86.78627 0.7377777 -0.665442 84.94922 0.6245575 -5.392529 81.8211 0.5534668 -11.50006 76.39116 1.144119 -18.6036 74.25356 1.612808 -23.64081 71.52289 0.5321884 -27.38087  58389d0a-2ee8-80f0-5e4b-c588edd1ffb3
3 TAG 9 70.94855 1.352448 4.904979 67.77169 1.742752 -0.1819077 60.90899 1.714256 -3.901631 52.22038 2.312843 -9.31745 45.55698 2.624451 -12.92449 39.66275 2.844658 -15.67933 34.89108 3.233109 -19.17017 30.36795 2.996857 -20.75834 26.73838 3.352112 -22.84458  48f6d2c9-5e55-e03b-b087-240909296f1a
3 TAG 7 111.77 -5.826385 -13.21868 113.4226 -2.722099 -25.25285 115.9648 -1.739754 -38.3323 115.9308 -3.504036 -50.54485 117.8455 -4.256813 -61.27823 119.3282 -3.736549 -67.1504 119.6251 -2.689537 -73.20837  8c3612ae-94d2-5219-fd2b-cd2eef4efd8c
3 TAG 5 149.2076 -4.947037 -45.87432 131.7817 -4.678253 -53.07872 121.0061 -5.429955 -58.1254 115.5401 -3.963715 -59.29808 104.226 -0.5096588 -66.60137  1d2c1ae5-de14-ce1e-07a8-94780638a4b3
3 TAG 9 -159.7125 1.13871 -165.6741 -159.4316 0.7841339 -170.9451 -159.4539 0.8387604 -176.298 -158.3123 0.8087997 -180.2207 -158.4592 0.6636353 -183.5911 -159.5605 0.2796707 -188.9561 -159.8382 -0.211792 -193.8216 -160.1781 -0.0467453 -200.4803 -160.6687 -0.9371338 -215.1132  ab281a17-e8bd-3212-7457-445d74198e08
3 TAG 5 -111.8013 3.198494 172.2853 -111.3935 3.326279 164.22 -111.4958 3.262215 156.0021 -111.8353 3.383408 147.2865 -111.7475 3.780655 137.3024  733cae2e-fbb7-b97a-aaf2-1a58e28772f3
3 TAG 4 -103.7473 4.565384 92.64459 -104.1107 4.652531 96.41632 -104.0198 4.596478 101.116 -103.9727 4.72702 103.5852  a931d0f1-5a2a-7740-cb67-c26abc5d600a
3 TAG 4 51.27544 1.646057 185.2151 51.75557 1.531502 174.474 52.47696 1.597992 161.9941 52.75377 2.0186 148.461  7f03f1c1-5d59-85d3-484f-da7b48891b61
3 TAG 4 56.35831 1.705299 178.1331 55.42545 1.640312 174.7361 54.79556 1.658356 170.3439 52.69173 2.261841 164.9514  bc618bc7-1636-3362-9ce2-3fcf8aa3251e
3 TAG 3 6.17897 1.482521 203.1035 2.070976 1.570999 209.7877 -1.005854 1.769409 214.6378  70d7a938-594b-5763-e122-f5066ce40a99
3 TAG 4 -23.14045 2.37146 216.0907 -17.05816 2.128517 209.4153 -11.45533 1.875931 202.0929 -4.107172 1.155945 194.1698  4c539519-a873-ec4c-453c-997089568c7a
3 TAG 7 7.023882 1.485504 205.6917 14.07862 1.235519 194.2929 22.18419 1.460258 184.3428 31.46743 1.562119 173.2456 38.27992 1.59655 164.7414 43.55418 1.860756 159.0686 48.05194 1.77359 153.9394  2d21cfff-63d9-a741-1195-8b1fe671f50f
3 TAG 8 92.86668 0.3326645 196.7134 89.77515 0.4724579 189.9455 85.9283 1.113052 180.1623 80.47961 1.535797 166.4428 77.67168 1.623924 158.1072 75.14505 1.760826 151.7236 73.48456 1.719849 149.2208 70.82161 1.724808 143.8572  b41cd973-5b58-ca09-4607-7ac8a64be959
3 TAG 2 73.32821 1.153717 187.0113 74.25582 1.735748 171.0677  f73d1639-a124-283f-0f4b-bed82e6b6a0e
3 TAG 5 54.71184 1.646645 170.4862 62.51091 1.61882 161.304 65.71353 1.728157 157.8137 70.07658 1.981941 152.308 73.05559 1.741356 148.3212  90673db0-3cdd-c0fd-5549-c095b0ff4fe0
3 TAG 10 70.50067 1.868652 147.6276 77.68214 1.941246 139.3365 83.71179 1.193031 131.4672 89.47255 1.208061 124.9356 92.88333 1.116394 121.7651 96.19778 1.044327 117.3186 102.065 0.8465118 109.6609 104.6137 -0.1201782 106.1598 109.1363 1.039635 100.2158 119.9124 0.7882767 86.40264  9962fb50-5dce-1f56-16af-26f1cc7ed59e
3 TAG 5 105.3367 1.126434 143.9582 105.0308 1.660355 131.4549 104.7294 0.7648926 115.1264 105.2925 1.112122 102.8725 104.9938 1.344398 91.01191  850a521e-c937-87e5-f0a8-72f5db0bab64
3 TAG 13 52.43793 1.976402 165.4642 54.04836 1.589958 161.6597 55.11894 1.712738 159.4493 56.06249 1.715134 156.641 56.99022 1.967728 150.2672 57.80793 0.9073105 142.9868 58.75126 1.753395 132.9919 59.83811 1.528931 121.0498 60.08178 1.510605 116.6665 60.13717 1.976532 112.3451 59.71098 1.816414 110.4075 59.59117 1.985657 103.2748 59.92818 1.913742 98.85986  3c2a33e5-8576-b0cb-1e08-25cb39f83cb4
3 TAG 7 57.76507 1.883385 103.7728 57.78979 1.869698 97.76865 58.13514 2.092667 90.08906 58.28823 2.323181 84.6741 58.88896 2.407333 82.96356 59.5474 2.071297 78.33398 60.33402 1.53318 68.72198  c75fe6cf-9664-1a02-4d4c-2f21ebddd779
3 TAG 8 74.46079 2.076347 86.00513 74.47859 2.068634 83.10703 75.02011 2.156212 80.3134 74.53742 2.071411 77.88525 74.52953 2.063042 76.58154 75.07706 1.948235 72.21684 75.44125 1.847038 68.08989 75.89952 1.334312 63.54842  b4b9e822-55fe-f7dd-a20f-d90c50987340
3 TAG 5 2.12038 3.142822 35.05343 8.726692 2.59095 40.87233 14.98614 2.731354 45.55701 20.26417 2.029892 49.16473 23.76262 2.587334 50.7724  3b944eb9-814e-8dfa-582e-4b5b761a0a1a
3 TAG 5 32.3223 2.778595 52.5581 39.74251 1.420509 58.68776 45.48219 0.6718521 61.82137 53.13477 1.081085 65.74312 60.01976 1.262589 70.68007  246b4c42-dc1f-1f41-1c44-31e60fae6c1f
3 TAG 4 105.6622 0.3385849 47.50241 112.3301 -0.4593506 38.13597 118.9047 0.1800308 28.50681 126.9475 -0.6144409 17.69627  af10c420-57b2-c2dd-238d-60d676a2c346
3 TAG 4 155.0932 -0.7206116 86.4579 154.9288 -1.106064 71.88055 154.4813 -1.418663 62.78606 154.0964 -1.995132 50.82911  51e56a6d-4ded-1c61-4cf7-23d5794635ef
3 TAG 2 36.26007 -1.649849 -156.5659 23.22669 1.085739 -130.863  3b558522-326c-158e-3f3f-37030a101a42
3 TAG 8 51.22392 0.204689 -68.99887 44.27325 0.02288055 -73.28951 30.58501 2.279686 -86.24714 18.14388 1.991447 -98.44093 4.641877 3.264229 -114.7236 -2.865395 0.2060471 -120.59 -8.091471 0.7744827 -123.9986 -12.69638 1.184242 -125.8396  8d68d88a-648b-51ae-4bca-935ddd19140a
3 TAG 3 18.63527 1.87561 -82.36706 6.081657 4.886108 -98.45493 -3.80841 1.797676 -114.8087  8af133e0-525c-9c7b-ef31-07f250ae6e73
3 TAG 10 18.70783 1.021584 -91.88997 9.457597 1.507828 -97.20052 4.943777 2.216949 -101.6962 -2.291498 1.215317 -105.674 -8.162722 2.107437 -110.2684 -17.72042 0.4657669 -116.4711 -22.17603 0.3452301 -121.1488 -32.35694 1.143921 -127.7806 -41.66454 1.367119 -132.1729 -52.47387 0.1110001 -136.7269  6f0f2fc1-07bc-f8e1-2526-aaeaa75d8db0
3 TAG 9 -137.6778 0.682724 -170.5278 -129.6129 0.28936 -169.388 -114.3259 -0.4336014 -164.8851 -101.3816 0.42556 -158.9022 -98.39243 -1.269508 -156.6522 -92.75101 -0.981041 -154.0758 -85.46412 -1.034607 -151.0826 -80.6559 -1.136742 -149.8752 -74.13914 -1.362907 -146.7023  baf76daf-4299-567d-dec9-2497e1cc4e28
3 TAG 3 -95.56258 -0.1186905 -162.3857 -69.86861 -0.7837296 -158.2274 -46.72666 0.3706436 -154.3541  e085ed37-8ba6-af20-2d39-6ae75e9c7034
3 TAG 3 -57.97063 1.457756 -116.9138 -76.91556 0.1273727 -138.4277 -90.44035 -1.490257 -151.6014  667655d7-0aee-ed75-602f-80b3cd82d82d
3 TAG 2 -68.29324 3.326103 32.56561 -50.35211 3.482498 41.21873  7b20cf29-d3b9-8a4f-289c-8d80900952f9
3 TAG 5 -74.39488 2.848663 194.1668 -69.97374 2.991989 189.0869 -62.54688 3.039909 181.6723 -53.4878 3.225182 172.0709 -47.09618 3.391624 163.3445  63192506-6680-945c-6ef1-60d34ca24eca
3 TAG 5 2.853516 2.741364 126.8743 10.11866 3.344368 123.3728 22.6263 3.259232 118.8412 33.95202 2.796448 114.8482 37.76208 2.575996 113.3734  e0f15afc-5086-898b-2636-7669fe6b9144
3 TAG 4 61.28722 0.9713135 -61.95063 72.5316 0.7907333 -53.6262 82.98404 1.103851 -46.48236 89.80722 -2.73336 -40.95467  c9d23236-cdda-3b68-950e-28acc5eea2db
3 TAG 3 120.1559 0.03829193 29.97275 118.4138 -0.7989883 19.96678 115.9388 -2.698647 -0.4299955  c8fba2f5-8a64-23bd-ceb2-a3c1d1a33c38
3 TAG 3 104.9709 -0.2851334 -6.339439 112.8176 -1.606125 -1.417992 122.4007 -2.115311 2.267807  26e1a8b5-515b-e8a9-2b42-df177a8ac564
3 TAG 2 121.9106 -2.373444 3.980596 136.7503 -2.333336 -3.084227  f8083128-d584-fdfd-8436-88f24765199c
3 TAG 5 31.62243 2.409149 95.9429 33.25316 2.84185 90.66325 33.92963 2.915092 84.11588 35.03017 2.647346 77.05418 37.23542 2.336334 68.65254  a66fad3a-12d6-44a3-1591-16d9d8d9d6ec
3 TAG 2 90.1074 -3.282921 -123.4548 79.59389 -3.190239 -98.31218  f9b78f29-e699-84ca-e736-90a97cb955f7
3 TAG 4 -58.23135 -0.8447037 -159.1112 -48.78671 0.2879257 -145.9185 -42.95707 1.668365 -136.3863 -36.3894 0.3564835 -128.4198  fd0df803-bb05-3bac-6926-8aba8c2acaf3
3 TAG 2 -101.4395 -0.8127441 -172.7431 -105.118 -1.281891 -186.8774  4d930226-2d9c-dfd8-096f-f834610ea7a3
3 TAG 2 -93.53149 -1.445076 -184.3144 -107.3121 -2.145042 -190.4156  d88c759f-70ed-4e9e-5d57-c6f58986ec14
3 TAG 4 -153.9542 3.059891 -98.08897 -148.3634 3.603157 -95.1477 -141.0354 2.885918 -92.31614 -136.1263 2.945244 -89.57676  d7504329-98bb-be13-d7a9-9e7d2eda6be4
3 TAG 3 -160.1206 5.128044 5.782832 -167.0751 5.554932 2.271361 -170.4813 6.396721 -0.4557948  ddb755db-1389-d414-bf53-e9a8dbbb1a83
3 TAG 6 -122.6969 0.9973068 -138.4216 -121.6031 0.3771896 -150.3735 -121.3416 -0.6198654 -162.1221 -121.0791 0.170784 -171.4299 -121.1614 -0.6655502 -179.3232 -120.0813 -1.441917 -187.11  5bf2c206-9360-c92a-f011-b1388041ec9d
3 TAG 2 126.4853 0.2130585 72.0097 117.8566 0.1453476 61.93245  d14b6965-6c9e-bc79-6ad3-f6361cb29861
3 TAG 5 144.5883 0.1916351 94.49061 138.8864 0.2102432 89.22398 132.4852 0.3978043 84.47324 129.7527 0.5509644 82.20647 124.7064 1.312462 77.91943  d82e9760-8494-d1a3-e9ba-c6248215d27d
3 TAG 5 166.321 -1.541069 74.84725 172.2612 -1.830788 68.69753 175.7982 -1.879364 65.51048 178.3282 -2.145752 62.23835 182.8047 -2.26445 57.59021  c9bb16bf-8d8b-4c8b-9133-0e77caf5260e
3 TAG 2 133.3692 -0.01413727 66.74089 132.3725 -0.3883438 45.64157  4e00dce6-739c-3072-85c0-d9c91a4efa61
3 TAG 2 132.305 -0.3659058 45.49658 138.7655 -1.260803 32.44767  b8e8fa99-77a0-8648-16c4-79e44664ee53
3 TAG 11 106.2359 0.01210785 51.64236 108.7717 0.2393646 48.42451 111.3117 0.4801865 45.32267 116.3291 2.050034 40.51879 119.6265 -0.06350708 37.86238 121.9325 -0.2874603 36.59013 124.261 -0.4202957 36.13026 126.7938 -0.6353836 35.33356 128.9908 -0.5229187 33.86084 133.1339 -0.9532547 32.2501 136.1537 -0.7240219 31.21783  f634c425-7d2f-7d58-9edf-8be5d87cf266
3 TAG 2 113.7851 0.280838 51.75545 105.2961 0.2933502 45.48654  7b5ae37b-197e-302b-b1b0-349b4df8fd6b
3 TAG 6 123.3489 -0.7406921 26.26781 126.8496 -0.4851151 26.72595 130.4196 -0.6143341 28.34578 132.8993 -0.9751892 29.53243 135.9388 -0.8118973 31.22458 137.978 -1.040932 32.14016  d1fb30ba-9447-2e05-0bd7-d912afa1f03a
3 TAG 7 114.8202 -2.97686 -6.907927 112.6645 -5.403847 -12.07478 108.8667 -3.872795 -19.6913 103.1074 -1.743034 -28.73037 95.19281 -1.6577 -40.58918 90.60656 -1.833641 -57.43847 87.67941 -1.569351 -67.10495  a9b64561-e4dc-f270-8e32-2f2bee745fcc
3 TAG 2 88.27676 -1.633209 -67.54024 79.98626 0.3876572 -59.3605  0a19a013-e427-e439-da0a-3bce273fa529
3 TAG 2 86.20164 -1.078979 -60.5829 80.59628 -1.212395 -66.67857  e7c3eb9d-dae5-f93c-81f3-0d989762e2f6
3 TAG 2 88.45464 -1.956665 -68.73473 88.83125 -1.634674 -83.68121  fc97cbd7-b862-69b2-2ad6-fe532fd0f632
3 TAG 2 105.6998 -2.283707 -37.90459 106.4896 -1.307068 -57.23487  6299176f-4b26-7b3c-22a2-ef98546d2eba
3 TAG 2 94.84019 -1.66243 -69.4243 105.6128 -0.5137253 -81.94558  88f68f5f-5fe5-cf50-fb06-8b2684f84571
3 TAG 3 67.72148 -1.506424 -108.447 68.8447 -2.871925 -117.7864 67.93967 0.3480072 -131.6158  20b0712c-311f-f6e3-9021-b7858c813f57
3 TAG 3 85.03516 -3.993187 -111.3819 73.61572 -2.500603 -117.3886 65.09264 -0.8832321 -122.0048  7553f2a2-dec6-51f0-c420-ab421edc63b1
3 TAG 2 0.01209259 2.368347 -69.88049 9.48567 1.895615 -79.21848  f20c7c6d-a00e-5548-9bc8-4ce11755e725
3 TAG 4 23.78495 2.159767 -78.66322 25.10604 2.359367 -92.6392 25.39948 1.416924 -96.73038 24.84526 1.62236 -99.64988  45ffaf61-3e8f-c73a-2dd8-9dbca2fee621
3 TAG 2 9.387745 3.083374 90.88322 19.44661 2.959068 79.74195  892aa77c-1122-1bff-8b63-c964eb67561c
3 TAG 3 -124.545 4.716026 107.0309 -124.1192 4.932999 112.7594 -124.139 4.657814 123.6539  5bb2852c-4d3b-d79b-eed6-4d4987a04e76
3 TAG 3 -149.6365 4.598778 143.7061 -151.3821 4.84938 137.9059 -156.5036 4.773369 129.099  aed2f780-e7aa-6462-13c1-f5ee549c6f0e
3 TAG 3 -152.7638 4.725525 142.5928 -154.7861 5.069534 136.7299 -157.1972 4.956062 130.8372  cfa566dc-3f1f-5f8d-4955-b23260bad2db
3 TAG 4 -157.3927 4.828583 141.7379 -152.8946 4.725868 142.5997 -149.0267 4.516159 143.9034 -146.3553 4.406113 144.3458  6de7f729-d5ae-6a3b-c96c-2f30863eb410
3 TAG 2 -121.1029 4.224525 17.15561 -113.9331 4.247215 20.44883  1fb6387b-a188-e57f-f7f0-fea95042f676
3 TAG 2 -140.8836 4.415321 0.6868652 -148.4189 3.654747 -13.93941  a8014841-d926-aa66-ba02-4b9ce24fb2c7
3 TAG 2 -124.505 3.326904 -55.14452 -136.133 2.632668 -61.37325  92587d2d-ac52-4aa9-c37b-433cbeaa8dbc
3 TAG 2 -77.63638 3.6661 -31.4879 -78.27814 3.432243 -45.23663  0e527581-2005-0e6f-1eaf-ab03a235ff70
3 TAG 2 -133.4035 0.6902847 -136.3081 -126.952 0.3575592 -142.4939  aca2eb62-7449-e735-b782-53058e085543
3 TAG 2 -87.69033 1.335182 -128.6581 -96.73138 0.9794388 -133.4621  5f2e6aed-5e45-4e08-ca23-8c68bcddb415
3 TAG 2 -24.54031 -0.8082962 -167.3456 -19.67235 -1.466743 -186.0896  14c98ede-0044-0cdc-9afa-f0d45748b043
3 TAG 7 -12.07349 2.150513 -86.92083 -11.52471 2.13179 -91.03468 -11.97742 1.718674 -97.19804 -11.73362 2.007187 -103.6483 -12.12509 1.229149 -107.0756 -12.05892 0.6024551 -114.7636 -12.17379 1.25087 -125.3483  fdef2e07-33c1-4fe7-969f-a5d6f6092e5a
3 TAG 2 -32.12646 2.087578 -93.6336 -39.50846 1.83004 -104.9783  267cc503-3585-2284-98cf-6d09d311a53b
3 TAG 2 -0.7852654 3.582024 -50.19169 -1.21665 3.266312 -60.2808  ddc5b9d6-edee-1b7a-457f-725807a7ab7f
3 TAG 2 3.206482 3.646706 -50.71655 3.040092 3.073418 -62.55128  db1daf3c-42a7-8ec2-f78d-bbb157fbf759
3 TAG 4 0.4679785 3.918343 -32.11633 10.71684 3.302498 -47.0111 16.33264 2.457947 -55.88781 19.73947 3.075371 -61.02681  f76ee2a5-c61e-09b1-8023-18758e8ea0fc
3 TAG 2 36.89928 2.266937 59.0388 28.10175 2.474342 51.96048  49e48d47-1cd5-ad2f-7462-5920ed651abc
3 TAG 2 16.04328 3.279198 93.1768 18.33999 3.28685 84.59601  5ad59874-f306-2d37-a5d7-18a6927480b9
3 TAG 2 7.638895 2.693443 93.17386 18.18698 3.036842 99.42035  54150f18-7683-0cc6-113b-f34df572342e
3 TAG 2 79.5198 1.200218 102.2679 70.96352 1.255791 112.6739  356aaacb-5625-7e77-a06e-2b591c8fd8bb
3 TAG 3 130.7487 0.2931595 113.246 130.7031 0.3012772 113.2941 137.6087 0.38237 110.2685  6dd7a0b4-5305-94e7-7303-493d98879e21
3 TAG 2 133.5515 0.03282166 119.1849 128.9433 0.4070587 109.8516  d822dd78-58b0-446e-3b61-cef2ae942e8e
3 TAG 3 182.4315 -1.514107 87.48355 178.4046 -1.667053 83.22223 171.3262 -1.469643 77.76696  2aaa8fad-6a22-40c3-d9e2-1316c14411bf
3 TAG 3 178.8712 -3.216354 45.93171 170.0057 -2.812103 55.23154 165.8355 -1.61525 62.28025  b25e5194-8d18-5a29-e0b3-a620921e3b6f
3 TAG 4 141.8276 -1.56398 27.38274 135.891 -0.6915817 35.78298 125.9772 0.7016907 48.56787 122.151 0.3674011 52.17827  d8a63e1a-6ed9-a686-69ba-29fee0c96a12
3 TAG 2 135.6063 0.007896423 70.10175 121.9407 0.09986877 53.60073  49bc7d38-7f6b-84e3-7b39-fc88b9e18c64
3 TAG 5 98.72864 0.382576 36.25698 94.07598 0.7431641 30.6716 90.35476 0.2783356 26.54496 83.48817 1.005409 21.71341 75.78027 1.205757 16.43404  6dc9997a-9819-f6b2-639e-7074d535be44
3 TAG 2 132.4073 -1.50222 -17.94353 135.1565 -4.225021 -46.98644  c33b89ef-835c-b978-6b60-a70e5333f373
3 TAG 2 77.01212 0.8228226 -68.00378 76.61271 -2.670311 -98.14664  b66e845b-8aac-49dc-09af-baa98bfbb383
3 TAG 2 131.2116 -2.219452 -11.96216 112.2178 -0.310112 -30.88725  bf8b9ecf-3598-09e4-4aa5-6cb374694a3f
3 TAG 2 146.0429 -3.741318 -32.03103 134.7724 -3.503548 -40.83467  2c75193d-659b-7972-d3ed-80d341f94dc8
3 TAG 2 105.1743 1.013512 101.0799 115.0993 1.009529 90.34595  ce968e38-99f9-cd83-2526-d7e51590fc61
3 TAG 7 127.8791 0.4567108 110.1639 135.6593 0.3673553 105.3208 146.8462 0.0856781 96.16762 156.0891 -0.7513504 89.00732 167.3989 -1.314743 80.07007 171.3972 -1.524811 76.69071 176.8385 -2.202194 71.62387  4bd820bf-008c-cf07-1ac7-6048c8fcf0d8
3 TAG 2 107.4641 0.9644012 73.29541 82.66393 1.711266 74.02591  0f736a18-fae6-c927-7cff-336a6581235b
3 TAG 2 65.70623 2.187424 78.64732 61.73563 1.598511 72.34268  831c11cf-9646-b928-759b-0ed390d49fae
3 TAG 4 77.22585 1.555542 79.92859 73.65395 2.198662 76.73432 70.04196 1.999939 74.1901 64.77123 1.559341 70.3941  23b7d254-40c2-54c6-4123-c898df874625
3 TAG 3 84.21853 0.7115936 86.96802 88.64741 1.62133 92.36921 92.88654 1.211716 96.80563  c1c47d85-c447-4cd8-80ac-e5f037613bc4
3 TAG 2 70.69401 1.498146 118.5411 70.7779 1.474655 108.9285  ae6d82f3-66a0-df3d-3527-c171d053e47b
3 TAG 2 66.97511 1.271942 114.7156 63.6085 1.682159 108.9909  bb87a3cf-9bdf-10fd-fb15-7bbfb7de05a2
3 TAG 3 51.62789 1.830177 114.1349 55.06827 1.972191 117.0123 59.739 1.414604 119.9864  79162e47-56d4-965b-255d-25eea80ee6b8
3 TAG 3 -181.3204 1.203278 -182.8009 -181.9453 -0.7046661 -201.3411 -117.8315 -0.5647125 -173.6848  87884333-96d4-dd2f-5e19-527b86e62eb0
3 TAG 2 -117.0669 -2.308655 -190.2634 -117.9113 -0.4230881 -173.03  0eb45fec-091f-a8fb-f483-d2871c7e0793
3 TAG 2 -67.41184 -4.51918 -214.5777 -69.65266 -0.843338 -202.5275  9eeb20cf-6c32-cafb-8d99-158139346078
3 TAG 4 -67.49974 -0.6829224 -174.4615 -67.3542 -1.323395 -181.1213 -66.38286 -1.727776 -187.8021 -66.74448 -1.370628 -192.0051  612596b8-e24d-8263-3689-24e163566276
3 TAG 2 -103.0031 -1.515938 -178.4743 -127.1678 -0.4077606 -183.9558  cf2c0f54-f3aa-d235-fcfc-6fa6d4c97f64
3 TAG 2 -164.7861 1.071732 -174.1818 -171.4244 0.7607422 -179.9021  c10ec1f2-9e00-4f87-f3bc-4c40195e29de
3 TAG 2 -88.38303 -1.241859 -193.6561 -102.8564 -0.9239883 -198.2914  8bc10574-4bfb-3b5f-e703-d571e4e413c9
3 TAG 2 -36.93814 3.037926 178.497 -41.76113 3.523918 168.537  d1187c84-4714-b24c-1c34-408dcb9964b7
3 TAG 2 -16.1431 3.828209 65.16273 -5.38292 3.788544 65.59918  b2859c5a-d96f-2555-02ef-41722911b7f6
3 TAG 3 16.00376 2.984726 69.45849 24.2538 2.306602 68.4342 33.41471 2.355537 69.21994  38f11db8-ab31-b8f4-583c-de2dbb564433
3 TAG 3 -74.50917 4.970901 111.4166 -74.50443 4.460236 102.5564 -74.36042 4.192146 99.01217  05b9e785-4414-bdb3-ecca-d4fc64575154
3 TAG 2 22.13879 2.975487 76.41454 35.46669 2.805237 75.21643  26ec0210-6f9b-7c59-5203-a9da51e8a036
3 TAG 4 86.79237 1.183197 56.01889 93.72772 0.2143326 47.82716 98.2315 0.158371 42.14733 100.7243 0.3774796 39.66303  c42f1d24-60e0-8519-cf39-5beece2cf331
3 TAG 2 140.9401 -1.59729 41.78795 142.5623 -2.670151 17.36719  8277d5fe-b123-cdf7-cd68-97593be0457c
3 TAG 3 118.7392 0.5340195 115.5163 106.309 1.341423 82.91156 99.28653 1.221397 77.92741  2dcebe7a-a3d5-25d5-6046-43e652bcafe5
3 TAG 4 177.4846 -1.888275 53.61406 171.2211 -2.713104 54.89112 164.1991 -2.025658 56.58128 161.5671 -2.091026 56.72078  47dea0f2-92bb-11f5-a913-04c9abde4783
3 TAG 2 111.613 0.89077 107.9193 113.4519 0.8978958 102.0676  b6c05be6-7b25-cfdf-6029-ca7873573156
3 TAG 3 -36.68334 4.054596 121.711 -28.1081 4.520027 120.2383 -22.21007 4.0616 119.198  776de8d6-c918-86ee-1726-8d9c2171f9be
3 TAG 2 -90.8803 3.929008 80.7213 -102.8368 4.229088 75.16044  6daa560e-c1f0-0a7e-48bc-583940f509f2
3 TAG 3 -149.3925 5.274315 65.27766 -147.8618 5.149094 58.77536 -147.7011 4.971542 53.83841  954f4e68-0e56-ffe3-d1bf-fde97a3f0c2e
3 TAG 2 -18.94765 3.571548 81.48474 -28.98773 3.705719 79.03033  3239df49-eeaf-6d71-d760-60e9e32bdb82
3 TAG 2 -21.39511 3.557465 76.05466 -14.72549 3.742859 77.17574  bdd064d8-dfd5-5dda-21ec-48618e66f2fe
3 TAG 2 74.46714 0.1875687 31.53358 74.11685 1.500298 23.94947  ee1e2ba3-8011-8dcb-fbc0-442280d06867
3 TAG 3 68.89716 0.9178009 -62.20614 69.91138 0.6288376 -72.06376 71.95153 0.6313629 -79.45487  58be63dc-2c87-4a56-c52a-88966294a923
3 TAG 2 98.05025 -2.81208 -81.03592 104.1007 -3.095436 -70.25909  082ae677-2eef-f560-e699-79c539f4dfd4
3 TAG 2 135.2816 0.009910583 63.89182 128.882 0.191185 74.23837  00376362-2843-a007-953a-09eb961a3ddb
3 TAG 3 93.44131 0.3302307 197.2582 99.47933 0.4597931 188.2874 103.576 0.4103851 183.8957  7d4ad159-ec28-236d-2341-ab967eb8ef5b
3 TAG 2 103.1953 -0.004814148 192.5101 105.9487 1.206337 188.2671  cfef13f4-e47e-7a75-30b4-94125fae9354
3 TAG 2 105.9808 0.1231766 198.6657 103.0915 0.02036285 192.3722  2b723faf-9c84-d97d-4495-78b4cc26e02f
3 TAG 2 100.2028 0.1000748 192.1451 96.73607 0.5995483 185.3517  918bd627-f0b1-ef76-bbba-1bb12a0f7ad3
3 TAG 2 141.6105 -2.954861 -17.48396 131.7633 -1.741325 -24.57993  31de31da-3066-e252-0fef-50ae697b979a
3 TAG 2 98.75074 -1.976894 -57.84177 94.64083 -0.4423904 -71.82033  d39b012b-aae5-6d00-c20c-0697f96fb57a
3 TAG 4 -157.1794 2.453152 -135.1385 -151.3487 1.41975 -132.0666 -146.0677 1.398155 -129.8156 -143.2139 1.696079 -128.0699  fcbcae6a-bfaa-f3b0-3245-d409a50cbc29
3 TAG 2 -146.5041 1.361641 -126.837 -139.5102 1.907269 -125.5218  6d40480d-d1fb-2832-47ac-bd673efda7f0
3 TAG 2 -134.4544 -0.2407265 -188.7663 -140.2197 -3.079018 -190.6351  0ca67ff7-a686-8c5e-1604-cfabc77c8f9d
3 TAG 3 -143.3792 3.802547 13.60851 -151.479 4.781425 8.14887 -155.1447 5.105446 4.245975  64eeae18-f6e1-250f-00e7-c3ca2aac3d8e
3 TAG 2 -129.7605 4.655991 66.35841 -136.0671 4.677639 61.34922  d0130ee1-7e79-9e61-6702-f84c3a8d8c64
3 TAG 5 -148.7567 4.606274 101.0072 -143.1661 4.711113 100.6801 -140.8836 4.799725 100.1393 -139.6022 4.805378 99.86533 -137.3779 4.631138 100.0866  dae878ff-8d21-c29c-5166-5f967009b6ca
3 TAG 2 -117.7023 4.998741 117.0729 -120.0607 5.0452 112.5315  c8dcc7a7-2512-e709-0e15-ecb1160812a3
3 TAG 2 -121.0818 4.831554 115.4085 -112.332 4.964901 113.2372  d1db3e57-c944-5ca2-c912-b034cc6dda49
3 TAG 2 -122.5266 4.835365 108.182 -114.2575 4.7472 104.144  5948473c-3684-4d99-35f9-11f503e45a47
3 TAG 2 -99.44923 4.609829 95.61592 -104.1297 4.639416 95.31809  30ba6998-7b71-b4a9-e613-80c8fa06cc29
3 TAG 4 -105.1133 5.117409 105.5317 -104.917 4.899811 108.0763 -105.324 4.696457 113.1309 -105.1797 4.906586 116.3814  cd3cc3ab-7e3c-16ef-0c9a-7cafe3f3e7bf
3 TAG 8 -105.8738 4.783867 116.4758 -105.706 4.749161 122.591 -106.1829 4.181541 129.0689 -106.8361 4.166317 133.9474 -107.3964 4.053059 138.5599 -107.4624 3.639404 143.126 -107.9678 3.837868 145.5441 -108.7896 3.463608 147.9605  3fccd73d-4de1-b477-460f-cf2cc828fa00
3 TAG 3 -137.7697 3.89917 136.6612 -133.6436 4.122253 137.654 -131.3683 3.894035 137.6537  32577c14-24d6-eb73-4465-e08310b347ea
3 TAG 3 -130.7944 3.839752 140.773 -128.1572 3.767193 140.7766 -125.5744 3.792149 141.2124  196eda0d-73f9-8e84-ed37-eaf6366a0c06
3 TAG 2 -115.2713 3.945034 139.1009 -118.1021 3.863514 138.5975  731c68f1-eb78-a40a-df19-41b65f0df668
3 TAG 2 -131.9511 3.363647 146.7439 -127.0882 3.273472 148.5585  abd4c7ed-1242-90a5-dcbb-48c413513a7d
3 TAG 2 -132.3891 3.716713 150.268 -137.4037 3.692978 152.9068  19625100-7684-de53-875e-c3195c45e949
3 TAG 3 -100.0036 4.162903 138.2894 -95.80856 4.206364 136.6077 -91.45827 3.980453 135.1977  6bc0f098-b522-a9ff-4037-7be094240849
3 TAG 2 -95.63303 3.959415 139.1272 -90.333 4.107838 137.4635  74be04d2-5e9c-2e3f-6d26-afca3b8e45ef
3 TAG 3 -113.1278 3.965424 140.7249 -107.4719 3.99469 140.5166 -106.3766 4.064709 140.2861  35eb755e-7489-43c6-f676-76d677cdaeaf
3 TAG 4 -92.34811 3.458126 162.6904 -87.35792 3.548565 160.7151 -83.14667 3.637112 158.734 -80.50404 3.590111 157.6057  ac22a654-a777-619f-912c-5206b1039d69
3 TAG 3 -97.63109 3.380634 158.5236 -90.46605 3.495045 155.8507 -86.73528 3.583214 154.2593  332d6731-2336-2d8b-e0ab-1b149e575788
3 TAG 2 -100.532 3.376022 162.0336 -97.58747 3.511013 160.4261  f8403918-2a7d-b173-ce31-5e207bdd7d1e
3 TAG 3 -80.27052 3.599682 157.0296 -78.14892 3.522228 156.0337 -75.73273 3.47974 154.6204  2b7eff8b-a6e1-c4db-ebaf-e40f877e0821
3 TAG 3 -82.80042 3.64212 156.6905 -80.34088 3.622189 155.9424 -78.41068 3.583591 154.8539  a50a2d32-f586-81e8-0ccf-d7393d23e1b9
3 TAG 2 -88.32685 3.468773 157.609 -84.04071 3.53046 155.567  943bda32-7d1b-3398-5a37-45ff3ff59d57
3 TAG 3 -79.03354 3.590485 153.8254 -76.04959 3.559574 152.6507 -72.99731 3.652107 151.2527  4026d292-a0f8-afec-055b-1250f30ad0b9
3 TAG 2 -90.06179 3.062634 176.8533 -88.67908 3.359234 172.8788  db5eae15-3b96-4c49-62f9-159e16eec703
3 TAG 2 -74.95617 3.485939 158.1821 -76.16507 3.46423 162.3907  41457313-a00a-f065-80cb-f9c41d3d93cb
3 TAG 2 -73.07531 3.600124 153.7705 -69.16887 3.640606 152.3806  894dc8cf-8c37-309d-050b-202ab4440f08
3 TAG 2 -58.6597 3.666199 153.7551 -58.58875 3.756348 148.3944  04d8c4dc-7316-ac95-4f85-73f0a0493262
3 TAG 2 -57.44386 3.725182 154.4182 -53.84108 3.752735 153.1338  bef5ad56-971b-09d0-43ae-13709c5b0fe9
3 TAG 2 -55.33553 3.613384 157.3337 -57.33315 3.671848 153.8869  cbefc677-733d-909c-85f0-0cf6009711aa
3 TAG 2 -68.92505 3.701942 152.8142 -63.90889 3.733891 151.1076  0f1f9b77-6b65-326e-f067-c04f9eb52c5f
3 TAG 2 -61.31697 3.003967 192.2161 -60.75719 3.059902 183.9146  e74f7344-26ac-3c81-3dc9-fe398fae343d
3 TAG 6 -59.82965 3.077454 184.4338 -60.00797 3.182163 175.212 -60.20348 3.317951 171.2837 -60.25585 3.408104 166.765 -59.89273 3.404049 163.0058 -59.91624 3.557625 157.1792  28cd33ea-7a3c-f3c2-7503-2c28f92a7169
3 TAG 2 -64.29886 3.912354 148.6754 -61.83516 3.738796 152.3092  50009739-b364-9787-91f6-c6c4dadafbfa
3 TAG 2 -42.6596 2.663158 192.6181 -45.03755 2.996815 187.7834  8b11f825-76d8-cd84-4cb0-c1ea56553d02
3 TAG 3 -37.97845 2.620159 199.3782 -40.41369 2.648575 196.2598 -42.21892 2.655071 194.5943  df40a106-cf5a-7ff8-abe9-cae740df9ad6
3 TAG 2 -39.70216 2.685108 190.6226 -41.36039 2.820862 186.9816  9a9095a1-50c5-8fe9-5052-b283051d69d1
3 TAG 2 -49.29414 3.120354 171.1626 -47.39442 3.485142 165.6515  7b1bb7d8-46a3-ed0d-a16f-abaf56cd4abe
3 TAG 2 -46.02454 3.317612 167.929 -45.17608 3.656158 165.2603  7a97051d-92ed-2d0a-c2b8-93a27bb85586
3 TAG 2 -72.17276 4.375557 133.4434 -72.09504 4.434605 125.7745  ed81e0c1-3d0f-cb8c-2cc0-2be46f4263c2
3 TAG 3 -72.66353 4.586006 128.4038 -70.26579 4.532978 128.8642 -68.69795 4.530106 129.4358  799561e4-dc88-cb36-8e71-9aecda311917
3 TAG 2 -77.58635 4.328995 135.0031 -71.90146 4.399265 133.5015  9b5b6c21-9cc4-2f8f-0edd-de84f7b819a4
3 TAG 2 -38.03089 4.008335 133.2914 -42.17109 3.52441 131.0049  5f3f90da-9b6f-ed3e-6609-f0a87e85bc24
3 TAG 3 -36.77451 4.204243 131.237 -39.08997 4.251198 131.0371 -42.2488 3.616592 130.7532  2964f0f4-214b-8510-f128-c36cc3509544
3 TAG 4 -43.92992 3.938457 136.5052 -46.8354 4.199169 131.9299 -47.74377 4.161285 129.4915 -49.00684 3.95327 127.3526  86204d9c-ce59-7f4f-68d0-17917b599546
3 TAG 3 -78.86876 3.97126 137.8376 -76.68499 4.026417 137.0809 -74.45575 4.108715 136.6795  86969975-9cf0-a8c3-6e39-f8b3403658b3
3 TAG 2 -77.50835 3.977306 138.3022 -74.41576 4.101601 137.442  deebe23c-43ad-4c53-d0ae-e5d67cf48617
3 TAG 4 -46.30529 3.491016 159.9993 -46.36388 3.673904 153.3035 -46.21395 3.682552 147.3815 -46.21337 3.93367 139.7695  4a4d78be-99a2-fa93-6c02-1d8513130588
3 TAG 2 -29.96857 4.028175 137.4393 -32.24424 3.89423 140.8192  bec4d50b-6000-c251-4f33-fe972fc412d1
3 TAG 2 -28.92685 3.938549 141.2954 -31.65191 3.968685 139.8559  4eb1149c-54f0-88d6-3331-e748ac1e4f86
3 TAG 2 -29.54519 3.904388 141.8294 -27.08177 3.791798 143.5748  ec9a0ca7-0cee-76ca-28e6-bb6cf27b66f7
3 TAG 2 -25.39017 3.409405 151.1324 -27.14407 3.803028 143.6532  4269ad83-a53b-8136-16b4-4ee7a52bbb61
3 TAG 4 -30.4293 4.441387 130.9322 -27.38725 4.209042 128.391 -26.20018 4.202549 127.6435 -25.50065 4.201389 127.0548  e38a2e81-34be-8a01-b2d1-e0e9892dbade
3 TAG 2 -77.63567 4.341122 133.1299 -74.76859 4.525246 132.3604  a3acf01a-2f3a-87ae-01a2-4657cf67ac0d
3 TAG 3 -64.86379 4.205502 133.7863 -69.15211 4.244839 135.1283 -71.90311 4.386269 136.2494  a71d0d3f-f5aa-e1f6-641a-db80e67bf63d
3 TAG 2 -39.0314 4.246971 126.9776 -41.53156 3.885502 130.454  78f27b1e-076d-5c32-25e6-b4d0757ac50e
3 TAG 2 -79.94991 4.046021 137.4924 -83.48072 3.906834 139.0347  4781638b-0668-d0e5-b9a2-158b7c3b921f
3 TAG 2 -80.39795 4.528187 102.4343 -79.26554 4.716942 104.0043  83c99dfc-852d-d7f9-0b80-11f42ea41eab
3 TAG 3 -78.38614 4.751705 104.0828 -77.3028 4.721203 105.702 -76.38011 4.67952 107.5454  eed07dcd-d13b-b126-ae90-9ee3d461eee9
3 TAG 9 -99.34405 4.600178 112.1359 -94.17847 4.624954 111.4722 -91.05413 4.537498 110.7794 -89.08323 4.773228 110.4885 -84.37099 4.484226 110.2554 -78.93181 4.671417 109.8464 -75.01665 4.627937 108.8389 -72.48659 4.666248 108.6849 -70.30912 4.54953 108.6861  04a99165-ccd3-87b5-d1a9-a13b0f9238e7
3 TAG 6 -96.47189 4.870747 117.6486 -95.48589 4.705528 115.8453 -94.9388 4.61993 114.2359 -94.36344 4.646118 112.0207 -93.22672 4.733315 108.8355 -93.30067 4.782009 108.1981  28b48fbe-83bd-6aa2-214a-c63166b3d625
3 TAG 6 -97.70802 5.030567 106.3375 -94.11794 4.954594 106.0774 -92.19235 4.859371 106.3189 -88.59517 5.049301 106.2373 -85.30208 4.842663 106.3681 -82.69556 4.786587 106.1384  1f8e2e8b-1d26-e374-b1c3-941db34271cc
3 TAG 4 -69.24881 4.650829 104.81 -72.90531 4.737812 104.6065 -75.90113 4.708637 104.8141 -78.13447 4.774864 105.2092  94fb952c-bd17-7183-2892-b1e714da2449
3 TAG 2 -86.40485 4.84837 106.2604 -88.11552 4.471916 102.8213  c7491f95-1f7c-044d-f12a-40c54800a25b
3 TAG 2 -89.55434 4.672428 104.9418 -84.89786 4.528904 102.7121  e296589c-ed0f-2bc3-3fbb-c2f4387aa9c2
3 TAG 5 -115.0852 4.562305 71.82805 -110.3841 4.546436 68.8236 -108.2795 4.748745 67.4902 -106.4601 4.778351 65.60781 -102.5396 4.632137 62.06917  3d3aeac6-e828-1275-aab3-612e20052b73
3 TAG 6 -91.25313 4.59853 63.56016 -102.6326 4.682732 62.04186 -105.183 4.865929 60.98226 -108.9027 4.851196 59.65489 -110.9221 5.354088 59.06137 -114.5141 4.940071 58.20617  159a669c-cc6a-dfe7-942f-0c510775c446
3 TAG 2 -112.9499 4.550507 74.88747 -106.3593 4.479389 72.46689  2d4b9764-0be8-61fe-06fc-d8d63923285c
3 TAG 3 -64.32571 4.531994 106.2938 -61.24183 4.327934 105.4995 -58.49234 4.520285 104.9146  02d7974d-4dfd-c432-e1a2-259e2efd62d0
3 TAG 4 -73.07133 4.766514 108.272 -68.72463 4.844904 107.032 -66.43208 4.609674 106.2822 -64.49442 4.542559 106.1331  bee1eb27-b11f-3f49-4856-a6ea59ef3951
3 TAG 2 -47.49731 4.234089 114.7344 -49.37247 4.249809 108.4258  9d594f56-f374-4c82-8a0d-f8644954822f
3 TAG 2 -48.6853 4.289598 103.0611 -51.14208 4.369869 103.1186  74e0cab9-a20e-ca27-3c3e-234cb6fa1656
3 TAG 2 -54.04459 4.303663 103.0718 -55.35057 4.393764 103.0723  8341f1ce-b2bb-261d-e14c-d29edd64084c
3 TAG 7 -82.80542 4.856716 104.0524 -79.87461 4.725668 104.227 -78.19646 4.753136 104.026 -77.08701 4.739864 104.0333 -75.63314 4.520487 104.0621 -73.74011 4.77113 103.7794 -72.16405 4.801378 103.2913  5c150a1d-5361-245f-b8ec-e6e49d421917
3 TAG 2 3.256014 2.554153 128.4281 6.296946 3.081104 128.3451  005327f6-669f-4092-4bdf-765ea96082a1
3 TAG 2 -18.67827 4.042007 118.2366 -14.3723 4.136459 117.1389  5d6db0f5-b031-4ec7-7536-ec5d08872457
3 TAG 2 15.51456 2.406738 153.1537 11.5801 2.690002 146.0992  16414956-4261-333f-11eb-1719df745f74
3 TAG 3 28.24736 2.599438 146.6733 29.40978 2.662663 140.9418 30.04868 3.065151 135.8594  bb3ca647-2786-26a0-39a0-3c94ba494c6d
3 TAG 2 46.68634 1.849396 179.2326 46.13527 1.897335 175.9667  2e54445e-c445-c1df-80ef-3cb164217130
3 TAG 2 45.50369 1.799545 174.3156 44.74108 1.740879 171.1191  7783a9be-f5b5-50e0-70c2-7f65c3c14dec
3 TAG 4 61.24941 1.731056 174.4534 60.96851 1.625904 170.8064 60.03455 1.760265 167.1781 59.79379 1.460739 165.9332  aa94e934-83ba-23ee-f590-b167c9cd5843
3 TAG 2 70.0785 1.836445 156.3368 64.87011 1.795605 147.8065  25ea0a23-07f8-6810-76a9-e4e8f0ec2b8f
3 TAG 5 65.98695 1.928005 155.3169 70.1069 2.055103 150.1947 73.25504 1.663681 146.7031 74.3778 1.799728 145.4353 75.88018 1.936028 143.4492  c5d8e9cb-e45e-db12-6740-64a8b56b872f
3 TAG 3 75.34836 1.736481 146.6739 74.66955 1.931244 144.1996 73.6663 1.909496 141.4066  8a3edc67-4881-ef47-3221-b77315322f52
3 TAG 2 61.49959 1.568417 162.9259 59.0806 1.699276 158.6041  3a06d261-a542-2987-38fc-7b078c2aea13
3 TAG 2 93.03178 1.575962 133.7001 90.20728 1.374821 128.6395  f307ceff-40de-643e-5490-30592933ee5a
3 TAG 2 90.72658 1.531975 130.6553 94.95184 1.528477 129.4621  92dcd376-9f7f-d977-de73-d4d7f249de9d
3 TAG 4 99.5908 1.208904 127.6181 97.68293 1.183788 122.8096 94.81656 0.9869919 118.1155 93.21114 1.17968 115.2457  7f40fdcd-07c6-5229-0e2b-9eecb2234776
3 TAG 2 99.75555 0.9386482 119.1014 100.9926 1.1381 124.1085  662471e0-6cbd-d81e-05df-6104ea53e070
3 TAG 3 116.1469 0.8887558 133.1 110.6959 0.4192276 122.676 104.8859 0.7952118 116.2918  97ca96fb-d66b-db0e-4bb4-1fc47136285e
3 TAG 3 95.05981 1.734203 142.7568 99.09179 1.779819 141.7565 101.3045 1.567009 140.8941  77db5ce9-4c04-5038-8f7e-93af958ab6e8
3 TAG 5 98.17416 1.516335 149.167 98.2998 1.566463 146.0081 98.30024 1.73793 143.1457 98.69308 1.588474 140.3433 98.96857 1.602718 138.5398  c6570e27-10f0-0486-711d-50961000ee96
3 TAG 3 128.5911 0.4591713 126.4466 127.3599 0.3548012 123.3094 126.2499 0.1196823 120.3079  181b75b9-b730-b895-fa22-150089258a37
3 TAG 2 121.0396 0.4587517 115.2133 124.7644 0.3660851 116.0778  148438c8-7939-a5b6-57a9-f84eb54dc74f
3 TAG 4 128.7548 0.4428749 109.7569 123.9029 0.7021599 106.0587 121.1807 0.7037582 104.2372 117.2676 0.6262321 101.6989  b0f31c74-a6b7-bf8b-adab-68646e49174b
3 TAG 3 94.42104 1.20121 98.1113 100.5627 1.019402 100.6881 103.7208 1.198879 102.1535  5086ed32-362c-c933-19dd-0490b8035f10
3 TAG 2 101.0508 1.029785 103.6802 104.5335 0.9742622 104.9926  042ee92b-5abd-e358-e5c8-176b9d5d8e40
3 TAG 2 102.0977 1.136082 102.5439 103.9401 1.257343 104.0722  ba21257b-abcd-f8f4-b62b-710a3847ac24
3 TAG 2 101.8092 1.000542 103.0727 103.4067 1.11845 104.1421  a8f7fb7e-d475-880f-38a2-17b76d0f12ea
3 TAG 2 105.8279 1.046196 100.1593 107.8041 0.7994041 101.4751  dd16218f-da13-f19b-be81-ba37710d7e97
3 TAG 2 94.17377 1.425053 130.097 99.69532 1.33831 132.8268  b059cd5f-cdc2-e945-94ea-93bb8d53fc83
3 TAG 2 -109.0353 2.832592 -89.93247 -122.0759 1.920818 -97.55188  2d26f92b-d7c0-284d-0598-75628271645d
3 TAG 2 -130.7692 4.443336 48.11582 -133.6788 4.354759 40.37416  5f8662b5-7ac4-b8e9-f7a0-76399bdbcb41
3 TAG 2 -82.10265 4.250553 134.7679 -78.05253 4.348701 133.7957  2e0e009a-c2dc-8389-8382-2e243684f5c8
3 TAG 2 -61.36162 3.887051 149.9147 -58.53576 3.784317 149.0281  985d76d3-1c12-02f7-45af-ce49061e325e
3 TAG 2 -61.66654 4.350723 132.3629 -58.19217 4.297855 130.8009  ea84c91b-b079-acc8-77b6-820046c41499
3 TAG 3 -59.27831 4.1716 135.0671 -61.20298 4.224213 132.7434 -62.98284 4.358147 131.1213  685d4f4f-1618-ad84-298d-bd997591e8f3
3 TAG 2 -83.57511 4.182365 133.8287 -79.64137 4.461842 131.1029  76ba5d2a-e0e5-18a7-5a4a-b8ed201a1620
3 TAG 3 -58.43054 4.146946 134.8761 -55.24387 4.154541 133.3118 -53.09153 4.080299 132.3761  68211ed6-3b91-6912-e6ec-ae788532c3f6
3 TAG 3 -28.99776 4.162136 125.5787 -24.10954 4.390305 124.2069 -21.21667 4.239876 123.4942  912844b1-b471-f58f-e162-ab5ed773255f
3 TAG 2 -38.13387 3.660484 126.6016 -33.93559 4.274876 125.3074  596654c3-e1c3-6413-73dc-f6217d22ca44
3 TAG 3 -28.05339 4.080112 134.1731 -24.34603 4.326618 132.1214 -21.45021 4.046757 130.982  9218e7a8-aa17-b01c-beab-bbe4ea8600cf
3 TAG 3 -16.88646 3.8321 135.0697 -13.69831 3.718189 133.7994 -10.44968 3.493317 132.8826  cc8b26e9-a671-cfcd-ebb7-56997bae20df
3 TAG 3 -5.712963 3.490486 132.3653 -2.713923 3.216507 128.7857 -1.871351 3.370319 127.2901  fd6f5e01-f091-8076-0269-fd77241f7bed
3 TAG 3 -34.5428 3.999302 136.7574 -30.68911 4.041084 136.38 -27.62684 3.869835 135.3963  85b41180-3ba3-fb1e-7c5c-76eab9485a7e
3 TAG 2 -34.31834 4.191971 131.2266 -29.20846 4.15974 130.9097  749e632c-34fd-f781-b109-f126eac86b15
3 TAG 2 -18.74961 3.976963 132.0395 -22.03374 4.285572 126.1475  2870cefa-1db8-aa8f-2343-ce35d561c2f6
3 TAG 2 6.487934 3.094528 128.0559 9.820642 2.885303 128.0237  d9400f1a-c7de-c1f4-0ce2-1506bf6ab289
3 TAG 2 19.05942 3.172703 129.145 16.88717 3.310925 131.9835  621ec598-4c79-344b-3802-d07df1dc5cee
3 TAG 2 17.6458 3.158722 132.834 18.34688 3.131218 130.2971  46a8816e-2804-f113-bbf5-70c929ec86bf
3 TAG 2 18.77596 2.94862 135.6472 16.3496 3.205868 133.3355  e09207ce-a793-5049-7a81-5d82c688c962
3 TAG 2 -6.40483 3.682438 127.022 -1.747938 3.376747 127.2345  39b32843-88b7-46f4-3a05-7e63b5b39b12
3 TAG 2 -72.19625 4.239712 90.84784 -72.1423 3.907913 87.27876  6879bf60-2168-963e-a40a-9f87a3b59331
3 TAG 2 -10.76465 -1.688114 -174.0202 -10.28612 -2.101612 -179.3204  5fcb5b35-ee0e-b67c-ba5a-c7516c50cfc5
3 TAG 2 -30.37261 1.17503 -129.1138 -39.28576 0.9739952 -139.2468  be45e4a3-87b1-ba55-fb61-43a204154052
3 TAG 2 -10.22318 1.695564 -89.61115 -14.44171 1.817131 -92.68351  5cc8318d-95de-ce53-46a2-68aac5c0523d
3 TAG 2 -21.08292 1.390881 -115.4629 -28.96347 0.8381042 -120.9001  9b78398a-4648-fe96-0dcd-0240a5871308
3 TAG 2 -34.85641 0.2152748 -124.7834 -38.53878 0.05629349 -128.5866  f6e8563b-c148-2f80-cfc5-9454fb6790d0
3 TAG 2 -11.79746 1.289391 -125.8435 -8.744525 1.298771 -129.4026  7ee5a876-a743-f41e-c013-08574ca9f5ed
3 TAG 2 -16.76001 0.9437332 -136.2705 -13.22177 1.081951 -126.4296  71946720-7c03-a5c8-a3d4-b2e55cf7ac27
3 TAG 2 -45.02024 0.2060432 -158.9892 -52.03549 -0.02655792 -164.3297  6c5346bf-657e-3e77-86df-0cefea1423c4
3 TAG 2 -17.99257 2.138214 -88.12866 -16.06861 1.691315 -94.41974  cba6095b-cf8f-3765-a36c-8b07d7716433
3 TAG 2 -22.25526 3.542816 -37.74958 -16.28811 3.123901 -37.42779  65ba510d-6194-8517-cdb2-d3ede3064a9e
3 TAG 2 -16.15403 3.029503 -37.45377 -8.292734 2.747498 -39.66848  7f569443-699a-f150-ddb7-ecfb0180d1c5
3 TAG 2 -25.82267 3.39999 -23.57497 -31.98457 3.764103 -24.84889  24ac612a-6472-25d0-90b5-bda3ecd284f2
3 TAG 3 -45.56937 3.857857 21.03582 -42.42174 3.985573 20.83161 -40.18937 3.136742 21.18082  4cdb7442-bb9d-de0e-93a7-e7341fc9e2e0
3 TAG 2 35.63037 2.569809 -34.76793 28.47396 2.74221 -43.2109  d9db22b5-d882-c81b-2b07-4a2e7fcefd5e
3 TAG 2 34.0884 1.853306 -36.75927 38.78627 2.246819 -41.30647  044a647f-c23a-8195-d902-bd85a1d6a66a
3 TAG 4 134.4941 -2.734226 -2.313346 124.8087 -0.7460976 -9.500188 116.2789 -2.450817 -15.38238 111.3441 -5.24482 -17.61162  107c5380-367f-05d8-8c1e-a702d0a52f00
3 TAG 2 70.65949 1.417843 15.32064 76.57697 1.187019 18.89856  8ba50705-c28a-96a5-2d2f-be1d837b6482
3 TAG 2 -94.42842 3.047682 -84.71384 -91.49088 2.87887 -89.89727  2f234190-edbd-ed8e-76c4-acc07ded070f
3 TAG 2 -16.42718 3.458996 2.564746 -15.66629 3.282475 -16.48341  929eea92-e081-2967-af6f-940ddbecb4f1
3 TAG 2 -23.51063 3.659321 1.199909 -20.82804 3.345798 -10.70085  32499635-5f8f-621b-1842-ca10bb31d2ad
3 TAG 4 135.215 -0.971817 39.5237 131.7444 -0.420639 38.43502 128.8348 -0.3494701 36.6538 127.1504 -0.6322517 35.22911  8ca954d0-76c1-4fe8-925d-3211818ddfa7
3 TAG 2 38.82386 2.768318 118.3134 42.90494 2.264919 116.9429  a5912b56-06f6-e589-2e69-9cd376ca68f0
3 TAG 2 45.55903 2.058838 115.6962 50.95615 1.876221 113.3727  80085186-5cd4-7900-6b7e-159ca71ddb2f
3 TAG 2 46.50564 1.944736 114.3781 50.15922 2.022804 112.6365  e14d590f-33fb-cbb8-0c7b-4eb4225f47a7
3 TAG 2 -9.343951 3.367332 44.57644 -1.423786 3.445862 43.30607  4ab96083-f3eb-f63d-e067-c9b4f83f9c4d
3 TAG 2 32.97028 2.786963 116.7411 37.66607 2.733414 114.9577  81163b40-8b33-b927-0f3d-275d306bcf14
3 TAG 3 -42.91047 3.93679 91.29323 -44.95158 3.629826 87.24954 -47.28264 3.438824 82.44164  e3da48a6-0d88-aa18-5b2c-f8399818c4a1
3 TAG 2 -16.7569 3.778561 76.70212 -15.77924 3.958504 74.19241  c4073034-e6b9-46ea-155f-9333e8118f35
3 TAG 2 -20.72136 3.476273 76.1462 -18.78825 3.57951 73.51045  db9caf40-8158-d06d-a56e-06bcbd9908fd
3 TAG 3 -35.64963 3.438641 64.18147 -31.29557 4.12212 61.61693 -29.90652 4.253014 60.21008  ceffa971-12f5-d9c4-bb41-b8b91c323369
3 TAG 3 -12.24961 3.546635 71.11397 -9.128445 3.613735 71.92905 -7.386215 3.624821 72.04815  166b36ca-dd37-1844-ab3b-f8616132efa5
3 TAG 3 -7.684812 3.922386 82.29705 -4.552594 3.613136 81.07764 -2.333439 3.584251 80.39002  4a5fb40a-ac24-b43a-0066-6201882f346d
3 TAG 2 -17.32533 3.816822 87.9859 -11.88006 3.56089 82.10032  1501927d-981b-14ce-e384-459504ae68ef
3 TAG 2 -17.98144 3.712616 84.85529 -11.44393 3.803417 82.7994  25f2f007-a12a-9df3-456b-eb620ff8ecb2
3 TAG 2 -14.72712 3.486717 89.62145 -16.65017 3.593201 85.55754  04882695-f9c1-8572-dc0c-69620c252e52
3 TAG 2 6.904069 3.059303 99.97414 4.793185 3.21928 93.88025  7bba894d-bbb9-f44d-d364-e2118ea3077f
3 TAG 2 5.270106 3.236485 88.12675 2.272534 3.517963 79.73526  abd883cc-53e9-0674-56dc-81629ecabeb4
3 TAG 2 18.63115 3.047817 100.5517 17.36613 3.43438 96.43449  a99281ae-1317-7932-914d-eebaad006a99
3 TAG 2 18.78824 3.496376 92.2541 22.17944 3.54895 92.84637  3046f8c9-5a71-1957-a847-b9885152b80d
3 TAG 2 -10.20385 3.457731 133.7146 -5.566857 3.553549 133.1414  9fb20369-27d9-9662-9b6f-7de04c3d5119
3 TAG 2 -4.061352 3.242525 133.0865 1.991934 3.001083 133.1679  655a451a-794f-218c-5fc8-73f8f6652919
3 TAG 2 6.007899 2.89995 133.2343 8.904006 2.770573 133.1635  fd44095d-8621-8a74-b330-da98a3b37812
3 TAG 3 23.67409 3.267963 124.1214 22.56427 3.264391 121.5585 21.52836 3.421499 120.0774  df378cbc-18d1-331c-997a-da11237003dc
3 TAG 2 7.031529 3.060261 127.9778 10.37861 3.330673 124.0982  80a7d8b7-9ccf-3907-9768-6a9db52b6e4f
3 TAG 4 -0.8077955 3.895632 124.057 3.816692 3.199743 123.5804 6.621711 3.682596 123.5554 8.968788 3.535553 123.1272  f1fe464b-822d-cd67-2c3e-e48169476799
3 TAG 4 -1.425961 3.798435 123.4269 2.965888 3.744442 122.8483 7.749146 3.876123 122.2946 12.14083 3.246492 121.3962  4b4d0057-330e-3c9c-f484-a6cdfdad15c8
3 TAG 1 -32.03012 3.420261 42.17463  1051a01d-4f2d-5a2c-8b64-4c4edd8fce8b
3 TAG 2 3.377742 1.846947 162.3526 -1.522739 1.533833 156.7361  db39bfc5-9cb0-2aa0-6ccf-770b8c3dfa44
3 TAG 2 -67.67317 2.724045 -84.1563 -65.2578 2.227692 -100.2637  ef1959a8-ce5d-cae8-65ef-dfeac10658ae
3 TAG 2 -5.909545 2.930344 29.25854 4.789635 2.991432 34.29255  4ef7fc5a-8a7e-9d24-abc9-6d0a6a57401a
3 TAG 3 -107.6236 -1.093403 -162.0821 -110.7085 -0.1806564 -171.6855 -113.1733 -0.3829994 -177.7458  e79222c4-644a-609c-a77a-1d13c8fecc60
3 TAG 2 -145.2252 0.5048103 -147.1873 -132.9976 0.4670563 -146.23  5e97be27-a8d0-c3d2-1fe7-f989901ec50a
3 TAG 2 -150.2947 1.763538 -135.686 -138.6035 0.5724716 -133.9829  b01f0b7f-ce0b-e35e-1fe9-7c3833f87c7d
3 TAG 2 -130.7475 4.655064 -121.3355 -119.8061 1.469463 -129.2781  d1b38b87-6468-9ae9-2fd0-cd667a531fe0
3 TAG 6 -166.1431 5.703773 74.98287 -154.5934 5.514175 73.38831 -143.8553 4.412495 71.6767 -138.8583 5.023918 70.57121 -133.5715 4.645214 68.56293 -129.8297 4.655884 67.2943  1b7caef0-d750-f341-8b88-fcab6931b5cd
3 TAG 3 -129.3859 4.898758 67.35706 -125.4463 4.953331 64.44994 -123.0176 4.787796 63.24362  a217fd36-7838-00ac-bfa6-b2e5f7ade6da
3 TAG 2 -122.915 4.749931 63.3048 -118.0152 4.791309 61.89867  20e6b39e-de40-77db-7305-3bc6084f26d2
3 TAG 6 -117.8075 4.846764 62.42192 -113.3537 4.736679 63.28854 -109.994 4.669384 63.83129 -106.8513 4.733616 64.27929 -104.1701 4.661144 64.42973 -101.0394 4.924809 64.43177  a7f27817-8542-d185-1288-358a983f6dae
3 TAG 5 -117.1066 4.659485 72.2968 -119.6256 4.618195 67.17883 -122.7186 4.737446 63.82998 -123.8909 4.989769 59.32843 -125.4155 4.980549 56.38428  6e590497-9b24-9438-d5e6-0ab66e8f4920
3 TAG 4 -97.13007 4.635548 71.0742 -99.54562 4.823715 66.80203 -101.7792 4.778358 62.77639 -102.2087 4.569092 61.54081  07b9125e-6a4f-a6b6-37d8-d04410fc2051
3 TAG 5 -128.0737 4.731873 60.61933 -123.7433 4.837315 60.77569 -122.1247 4.861145 61.55742 -120.1112 4.855087 61.52799 -117.5142 5.079193 61.21489  71b91ca6-ff36-41f8-ea20-c86ea0d17505
3 TAG 4 -144.7327 4.867161 61.17841 -137.7203 4.225914 60.21284 -135.3522 4.533112 60.31528 -130.7786 4.666973 60.22178  ea1e4482-8872-ff1f-9cac-34b350415c02
3 TAG 3 -152.9657 4.72821 82.13085 -148.1832 5.030331 82.39291 -145.5575 5.109783 83.23767  14b56746-7c8f-4011-0321-5c8c659f0810
3 TAG 2 -144.4227 4.653721 100.6911 -143.4717 5.055958 94.41839  f43d38d6-81b7-dc5a-b292-12ba76b25c4e
3 TAG 2 -119.6918 4.710999 92.45448 -119.5894 4.457909 97.38846  94ee1ce4-2da5-d1e4-7536-4fd22b57ab02
3 TAG 5 -119.2998 4.690166 97.60755 -115.2743 4.674965 96.46492 -109.979 4.785774 96.29977 -105.8841 4.895985 95.93636 -104.1155 4.633308 95.2531  390243fd-eee0-1d2b-c0f2-f56436c20771
3 TAG 2 -114.766 4.81797 98.2842 -111.1833 4.789425 92.53388  7efea75f-51ba-18df-142a-7e80945a2d70
3 TAG 4 -149.2418 5.029255 94.05302 -151.6828 5.174946 91.46035 -153.939 5.369297 88.16994 -154.6531 5.306904 86.7287  bf0343e2-86c5-b2e3-0626-4581a17581a7
3 TAG 3 -152.6369 5.329563 89.94875 -150.5888 5.422001 87.37328 -148.8665 5.283714 86.01649  0ae60da4-b5d7-f61d-9ab5-134972171534
3 TAG 8 -148.5587 4.650856 101.0221 -148.7924 4.917187 97.37882 -148.5628 5.016422 94.85296 -147.9415 4.931976 92.19833 -147.6125 5.036316 89.88565 -148.8664 5.277267 85.98828 -149.4939 5.080902 83.60477 -150.5462 5.06757 81.94024  ca0cdaa1-53e7-b7a9-9ed5-29eb312012a3
3 TAG 2 -154.8422 5.286037 80.51781 -154.5486 5.620323 73.03322  d5c8942b-fc14-c718-9905-04da97a7c555
3 TAG 5 -148.897 4.914734 96.30408 -152.7865 4.958683 94.32053 -155.3629 5.176102 92.16007 -157.4852 5.347012 90.43557 -159.8301 5.377743 88.39829  0578d412-54ff-6167-59d0-121460dc96e8
3 TAG 6 -129.0003 4.565495 108.9967 -132.1343 4.235302 99.28159 -133.2564 4.811321 94.64283 -136.4643 4.828083 87.09184 -138.9011 4.669746 81.21938 -141.8171 2.771202 76.31291  babba25e-e502-ed2c-da46-5f46f856693f
3 TAG 2 -119.6661 4.516991 132.9025 -122.6659 4.302738 130.7648  966a9ded-cdc9-06f8-eecc-9b687e10ee62
3 TAG 2 -154.6269 4.897038 140.4274 -148.0979 4.513317 140.7749  a594b66e-a59d-c012-e641-2907a5510a3a
3 TAG 2 -118.461 4.370247 131.3936 -120.8816 4.563084 128.9821  1c40a869-e037-daaf-fcd2-d2652a3a9cdb
3 TAG 6 -115.0971 3.400875 166.4151 -109.7659 3.355808 166.5924 -103.4775 3.380573 167.1534 -98.34624 3.282104 167.1335 -93.94072 3.44376 167.2745 -89.00208 3.568428 167.8416  d2b25b2e-e973-1b81-c1dd-1a6983d12171
3 TAG 2 -66.01645 3.479195 165.2482 -57.29195 3.522968 161.7945  242ec7a1-7356-85c5-b924-a0640b4f400b
3 TAG 2 -60.28981 3.296654 171.1306 -56.00751 3.386509 170.3663  45cbeeaa-86f3-102b-7217-1542e3679fd2
3 TAG 5 -76.48627 3.461361 159.0984 -73.69707 3.409805 158.2911 -70.72738 3.369522 156.8901 -66.36821 3.633049 154.5805 -65.06144 3.647678 154.0055  f70a06db-e837-cf35-71c6-3f38daed4024
3 TAG 2 -97.60446 3.310951 163.6189 -88.33012 3.549316 158.1974  1608ac93-a16a-5664-ec01-d93396dcdbfa
3 TAG 2 -81.46822 3.429398 152.6768 -74.59986 3.672943 150.0243  c0d82ace-bed8-c74a-3e54-3bd9f4d56a66
3 TAG 3 -61.53186 3.725101 153.1017 -58.97226 3.866756 152.3937 -56.25848 3.832478 151.1296  51cd6b88-f77e-4623-100f-08b319051bd4
3 TAG 2 -72.09053 4.422676 132.8668 -68.36494 4.435562 131.8357  6d69a170-1c69-5180-cf40-2a65a564d2a1
3 TAG 2 -80.52374 4.516273 102.4127 -69.65714 4.58205 103.4556  0c637b59-696a-8908-44c1-7c544d43306f
3 TAG 2 -77.84876 4.591663 101.5673 -73.04424 4.536072 100.9123  51aef090-6236-8ae0-0363-60cfeae592fc
3 TAG 3 -95.12905 4.855709 68.6771 -89.60301 4.812141 69.13862 -82.54424 4.330547 67.50306  6815f513-d43c-86f4-eadc-45f3351d3a4e
3 TAG 4 -93.73692 4.728962 65.87029 -89.27627 4.543011 66.15112 -84.56863 4.376102 66.55916 -82.01786 4.627743 65.78457  5a2d5d66-26a3-d0eb-aa6b-153c7cf3e387
3 TAG 2 -83.04552 4.288857 68.01977 -77.1435 4.605499 68.9042  7fb54135-2d14-66a5-4349-42a05e15ccfe
3 TAG 3 -116.5105 5.064842 60.80632 -111.8419 4.768089 61.46289 -106.07 4.830151 61.82696  0406d430-83a3-24e2-8ea0-ea6faf54df72
3 TAG 3 -94.04064 4.376842 57.76347 -89.97319 4.508678 59.18794 -87.77836 4.362297 59.31023  a187920a-def6-7f26-a33f-181f7c0fe688
3 TAG 3 -85.62388 4.28693 68.30264 -87.55745 4.108536 63.30214 -88.75249 4.299263 57.80046  1aaa74c1-e36e-b364-b1d7-426c7bcb5149
3 TAG 3 -68.94078 3.780117 54.29842 -63.85281 3.204411 48.47817 -61.13188 3.797157 45.29859  81e0f1fd-7e7a-2051-d0bc-165121d08a41
3 TAG 2 -88.11156 -1.042606 -195.7329 -81.77223 -1.539948 -193.6841  b08c1504-5ce0-f3ff-182e-6599f5739b17
3 TAG 2 -75.9572 -1.582523 -181.6031 -66.54036 -1.153019 -177.7409  4150932d-b9fb-6ff6-fdaa-9df0d7f1af7c
3 TAG 3 -47.99911 2.605057 50.72685 -46.03931 3.761536 46.71232 -44.1139 3.538212 40.56349  215c8f04-8193-672d-5f03-405dca274d37
3 TAG 2 -48.71341 3.147099 40.43539 -38.8099 3.906261 43.79703  b59dd42d-feaa-e186-24b6-f354a23b4112
3 TAG 4 -48.65027 3.378605 46.38974 -48.61285 3.379265 39.98143 -48.88909 3.136436 30.61463 -49.56134 4.236919 21.16671  a27a32e6-113d-04d5-caf3-033d43cdeb9d
3 TAG 3 -43.83511 3.238323 48.12707 -38.883 3.691608 48.03408 -33.88248 3.72554 46.14089  a29fffe5-5b85-ee57-b4d1-c1d9567e2d9b
3 TAG 3 -22.65419 3.580536 70.22186 -19.22492 3.708557 67.51672 -16.04947 3.818493 65.14995  aedcf58f-891d-bc93-8e8a-826c5c138aa7
3 TAG 2 -16.02081 3.788425 65.04852 -16.12341 3.820801 63.78004  fbadcece-183a-7320-4d0c-bb564c9122ea
3 TAG 2 -26.44199 3.427376 71.45456 -36.01129 3.340683 67.00574  599dc3c8-bf9c-ac5f-ee7d-6ca7bd9ef8e3
3 TAG 3 -32.37784 3.98114 141.1853 -33.49289 4.068134 139.673 -36.65912 4.044968 138.0376  734cd5b8-11de-80b1-f446-5bf481e73ff7
3 TAG 3 -34.823 4.021587 142.3867 -34.50039 4.069386 139.6034 -33.68244 4.130852 136.9055  8364683b-2b0f-d5f9-3e14-4412667b320f
3 TAG 5 -32.85051 3.904671 143.4541 -30.9766 3.904774 142.8004 -29.83291 3.960663 142.1756 -28.03174 3.900322 140.105 -27.65204 3.940289 138.9959  35458396-b67a-a3fb-b65b-7b12a840fcf2
3 TAG 3 -25.20128 3.699139 141.8146 -25.16588 3.881104 140.06 -25.48316 3.969784 138.4169  08460d25-787d-2062-1807-ea447f84839b
3 TAG 3 -28.0149 3.790398 139.0595 -25.14801 4.003159 138.1204 -22.67519 3.875481 136.8  9f40fd4b-6819-69e3-ea33-4feb376c52d5
3 TAG 7 -18.67783 3.762058 132.9995 -16.20408 3.985306 132.5919 -13.62228 3.779995 132.5471 -12.40163 3.763054 132.4202 -10.54056 3.652897 131.9349 -8.616076 3.651443 131.9624 -7.064224 3.388229 131.4413  18ea0952-5e25-e938-49af-15ceff728425
3 TAG 2 -6.004833 3.271973 131.0561 -0.3345699 3.237919 131.1226  74b4769a-1f03-be8e-9fcb-0379f7655695
3 TAG 6 -37.68935 3.883003 141.9268 -35.71308 3.992069 141.5936 -34.77284 3.934475 141.0532 -33.47304 4.070072 139.6221 -32.50299 4.060116 138.3301 -32.2866 4.104862 138.0001  8c35b0a6-66cb-2605-774b-8440c89dd72c
3 TAG 3 -41.002 3.781403 144.8296 -39.05494 3.7547 144.6822 -37.15971 3.853691 144.1773  7e1e8307-5d58-77d2-5fc6-f5af2a83f0ff
3 TAG 4 -40.1001 3.503117 149.5137 -37.66615 3.669106 146.539 -36.46309 3.865894 143.9852 -36.09591 3.979416 141.4595  bd1c57ea-9a27-feb1-4303-06004a4eb8a2
3 TAG 6 -39.59176 3.51268 149.6111 -38.56506 3.5378 149.3819 -36.84077 3.635532 148.2623 -34.26842 3.692959 147.4087 -32.61733 3.732857 147.0692 -30.20427 3.743618 145.2734  9a7fdfde-89a0-4e3f-37de-fe83e38dd65b
3 TAG 2 -30.46956 3.749153 147.3222 -31.43098 3.837566 142.989  6ca98494-7ed8-7905-59d4-fefdcf789930
3 TAG 3 14.78511 2.532341 161.3081 16.98694 2.188705 157.6683 17.62708 2.31604 155.3721  cb2d9dbb-64a2-0f5a-c068-cc92abe61631
3 TAG 3 20.01032 2.407509 157.2274 19.87657 2.291023 155.2174 20.08832 2.423309 153.3336  9a7438c7-1d17-124b-27fe-8208588f7af4
3 TAG 4 -10.73195 1.41259 -129.2029 -6.539921 1.465714 -129.4747 -1.737334 2.251583 -130.2277 2.085726 1.49947 -130.8125  7af3dd01-ad69-e8ad-6083-bd0562dfc070
3 TAG 2 8.250793 -0.1399841 -158.4846 -1.874009 -0.6442642 -165.6323  101d9573-6a64-0b7e-a566-dad15eebd109
3 TAG 2 -28.14093 -0.7836533 -158.0916 -23.79535 -0.8075256 -159.0171  58922a85-5b98-944c-1a61-09360b0ec6ab
3 TAG 2 -25.50816 -0.5505104 -159.3154 -18.71904 -0.4676514 -160.3219  996b95ee-b2e8-42bc-9958-cf305f7b4f89
3 TAG 2 -0.6023583 -1.456978 -171.4977 3.956246 -1.727337 -173.0266  086b112b-d337-744a-dd40-b0b0530cd7a6
3 TAG 4 -4.032054 -0.6229553 -167.8121 1.183355 -1.059879 -168.3286 6.01386 -1.507805 -168.4493 8.643142 -1.292389 -168.6079  b3d747a4-4262-2a72-ac9d-a4e707ce605e
3 TAG 6 -3.858441 0.551075 -147.0149 -3.931376 0.2549667 -154.4307 -3.966676 -0.3157043 -162.9772 -4.055993 -0.5982742 -167.4808 -3.183084 -1.58123 -171.3741 -3.310198 -0.7282982 -174.931  5151aa55-093e-2989-8e8d-e87c7de6e17b
3 TAG 2 18.71891 -0.5274315 -154.4042 24.70155 -0.7158546 -151.6129  3262546d-4ebc-7ab7-a8c7-2f68afb19701
3 TAG 2 -21.12994 1.311935 -136.8704 -13.30794 0.887867 -133.0668  ee79ad1e-1429-3e05-84cd-35e55462e015
3 TAG 3 27.40234 2.748447 -57.97593 22.39713 3.684883 -59.79483 18.88656 2.90461 -62.65309  b2596763-6ae9-ba00-7ca9-af5a028d5024
3 TAG 2 19.12946 2.817146 -66.57248 25.66719 2.708447 -71.41032  ba91e68b-b0f5-03a7-edf8-6c39d30b5395
3 TAG 4 16.78051 3.640141 93.37138 18.51181 3.637188 92.63003 19.60461 3.612728 91.48267 21.58743 3.41938 88.44991  8a7cad14-588c-fe16-b73c-1999ab4b163e
3 TAG 4 16.41854 2.986774 98.12745 20.17007 3.336548 96.39349 23.64511 3.238495 93.40544 27.37082 3.048653 89.65505  a821f2f4-4f81-3e06-1992-c9b4d7570e67
3 TAG 3 19.74663 3.29361 94.96648 20.28345 3.627216 92.84742 22.49688 3.513737 89.43182  afd8fdf9-3125-417f-6f92-59e8319f7039
3 TAG 2 25.165 3.058235 86.03172 32.6493 3.161064 84.67644  efeaacbd-4f0e-1ea1-ed1d-23ca07ef8cdd
3 TAG 2 24.68618 3.223057 90.55835 25.93035 3.068523 87.70307  121de06c-e624-ca9b-4d70-451683b488ed
3 TAG 2 48.56116 2.456787 85.39233 53.9447 2.503536 85.18684  1c5091d3-69f9-6b72-6995-974024aa9922
3 TAG 2 48.87911 2.296173 75.79381 55.71856 1.944347 75.45153  b41b34f4-938d-62ec-5a9e-5853b17e67ad
3 TAG 2 42.40108 2.957653 89.28923 45.6584 2.699612 86.34892  d8c35314-303a-66b5-6b7d-c9e4b24e7cac
3 TAG 2 42.52384 3.009529 87.22066 44.16692 2.907722 84.71095  84420d74-043f-010e-02a7-97e0ab1f8f5c
3 TAG 7 21.81189 3.328144 94.98583 24.24598 3.282612 94.81174 26.0703 3.116222 95.33555 28.12699 3.110683 95.5425 29.57364 2.819874 95.4582 31.55328 2.428078 95.8839 32.17073 2.508251 96.02649  ed9cbe33-ae85-3bed-0897-7ad052f3c9a1
3 TAG 2 39.31903 2.568027 100.9143 41.85406 2.240631 102.6787  b6cafeb2-6d5f-b861-0e5b-c0ce7838e09c
3 TAG 2 49.27986 1.988258 120.0533 47.19264 1.832314 117.0004  e2adbeeb-58d3-6e24-313c-c10bd68c9598
3 TAG 2 41.02896 2.811523 125.5125 39.38302 2.537441 122.4423  e3618363-2d99-a274-191f-4f035a991af4
3 TAG 3 18.23329 3.411667 122.4234 19.53078 3.228458 124.6829 20.73971 3.281723 126.8022  bc6493d9-210b-b107-f2cf-e4ab22f3940e
3 TAG 4 18.13112 3.422749 120.871 19.49189 3.444653 120.7519 21.2375 3.487236 120.0379 23.36255 3.234478 119.6724  0977ae18-eee6-c72b-bf83-e61810105094
3 TAG 2 19.05808 3.214046 123.6734 18.98558 3.395496 120.8628  0218d8d4-a46d-8c6e-1a5a-76fd299110ba
3 TAG 3 24.64635 3.283821 121.1722 25.8352 3.17411 119.7022 26.86663 3.172291 117.3419  a1492493-29f0-0f0a-b584-157e31066a6d
3 TAG 2 25.72689 3.217541 117.6213 25.99486 3.423958 116.1492  be83519d-2a1b-c41b-fa7c-b1d9b9bd7a39
3 TAG 5 25.64004 3.205456 120.0135 27.66667 3.109291 120.1004 28.95869 3.063801 119.789 31.02099 2.96125 118.7492 31.51199 2.918736 118.3154  84c6f123-d2b3-6d73-6e8e-e10e23f9ee15
3 TAG 6 31.19353 2.880432 119.5643 33.1549 2.685307 118.7546 34.8076 2.601971 117.9357 37.09791 2.600914 117.1479 39.4348 2.549297 116.6072 40.61215 2.398384 115.863  42655d02-ae68-18de-75d6-7a2c9d2e2ba0
3 TAG 2 25.66578 3.023586 123.187 31.79096 3.07151 122.5118  2b406c8e-85e0-ee06-f52f-dd00ce5f21a9
3 TAG 2 33.01304 2.893108 122.6941 38.15511 2.690613 120.8506  a1311f63-b19a-dfe7-a746-d27a002a3f13
3 TAG 2 42.45833 2.38401 118.37 46.06973 1.963982 117.1557  4ca3a002-781c-0fe2-7456-84d98db66e94
3 TAG 2 17.7251 3.209103 130.7016 16.09195 3.173012 129.2557  87a3cba3-f3c7-941b-e8f5-294cdd675247
3 TAG 2 51.17443 2.269493 118.9147 58.11431 1.91312 113.7913  ef50bd11-f844-3df6-8d93-c9e493307289
3 TAG 3 27.44623 1.250164 199.9672 26.2139 1.378677 197.1194 25.33445 1.302143 193.8714  4311e28e-9193-efa4-0bcd-7a0fe9962573
3 TAG 2 43.43517 1.73048 164.437 42.00459 1.690418 160.3222  2aabdb90-ed25-1853-2a10-6e0ea20967c0
3 TAG 6 40.94983 1.735313 160.4176 38.63739 2.349937 154.6249 36.02191 2.323639 149.2472 34.43139 2.432838 146.9421 31.93177 2.727127 141.7784 29.87447 3.024479 137.4811  c4a74307-466e-36ca-4d31-e537ecf1b6d7
3 TAG 3 59.86629 1.9505 143.2402 61.70819 1.911503 141.6676 63.94506 1.92181 139.2319  b682c22c-7d29-2a9f-8c17-1cb869a1fe48
3 TAG 10 57.98615 1.485092 141.1023 59.55729 1.908733 140.92 60.51941 1.922138 140.4147 62.75621 1.950359 139.5108 64.82623 1.926762 138.6577 66.70671 1.915695 137.3022 68.73051 1.904827 136.5253 70.38492 1.925903 136.4839 72.14183 1.851879 136.3019 72.5036 1.850071 136.3282  541752e1-fd1a-0fc0-1dbf-fbe904b6efe6
3 TAG 3 69.8755 1.865143 138.454 71.91724 1.822334 136.965 73.72476 1.684689 135.5333  185e7ded-b539-c814-18da-fa36303d900a
3 TAG 6 67.21954 1.809982 131.2856 68.53178 1.592999 131.4473 69.92322 1.76582 131.5663 71.55807 1.803162 132.0143 73.68934 1.736324 132.7236 74.03011 1.70797 133.0127  4f4d1980-4f61-9a86-a362-b663af771a6b
3 TAG 2 69.8584 1.737511 132.3444 74.41801 1.773769 130.4856  f0712d42-2a0c-a676-e405-8259b84d9ad2
3 TAG 3 62.87148 1.985123 137.9342 66.21835 1.95068 135.1793 68.08945 1.887577 133.0891  66a452f9-9602-26f1-7198-599bb1d466af
3 TAG 3 60.57737 1.852951 138.149 64.79106 1.955059 133.409 67.49811 1.838558 130.2384  67dd38b7-8db6-b67c-55d8-c9cc140811fc
3 TAG 2 71.01611 1.912685 136.2894 71.4303 1.802326 134.2567  2148185e-575a-4d60-1348-f57cf685685e
3 TAG 2 68.92663 1.909489 136.7923 68.79688 1.830238 134.5355  c1988f60-3476-b254-6c1d-13665516151e
3 TAG 3 66.12521 1.935162 136.3657 70.64178 1.862068 134.3009 74.13702 1.731277 132.8479  ef85aace-19c5-6be9-3c6e-78a948fd7644
3 TAG 2 91.1439 1.162354 161.9161 86.67022 1.472275 155.7048  4b47f071-f7f7-35d5-cac6-ff5b3f1f0e5f
3 TAG 2 98.01195 1.031666 163.6969 98.61124 1.261353 155.869  c69e6521-7612-904f-32fb-fc61571c53aa
3 TAG 2 109.907 1.15871 143.2589 113.2288 1.049789 141.3469  304cb43a-b9e9-a2a0-0aa6-82657baf73c8
3 TAG 3 112.7841 0.9325447 157.7913 116.5655 0.6324463 155.6957 119.5653 0.5747604 154.4699  f29d2f3f-5fb5-5b55-9e9e-ebfb8c3c3f3f
3 TAG 3 123.4042 0.6538048 146.4289 127.8663 0.3694611 143.3133 130.5867 0.353096 141.9075  ab7f58b9-aaab-c828-078c-930707efc2e2
3 TAG 3 130.3531 -0.23246 148.3659 127.4989 0.4694824 144.4986 126.0731 -0.2005463 142.5427  d56ea732-2b3c-11c4-c31e-ca06dea5e927
3 TAG 2 112.1336 0.9333 147.4932 107.6091 1.353672 140.0896  3235ad5e-c5d0-dc70-dec8-f81709f723f8
3 TAG 2 116.9387 0.6828117 157.0266 119.3257 0.5324402 157.7542  721f920a-cd8d-5b02-a333-ff98fdfb6d6b
3 TAG 2 117.743 0.6518555 157.1127 117.3116 3.575397 150.747  980d9ceb-b4c8-92cd-a517-39107e728302
3 TAG 2 89.64812 1.054379 107.6293 92.69583 1.103828 112.1988  d72284d7-e1e8-0819-d5ec-836e8227c20f
3 TAG 4 101.7894 1.081253 97.80032 104.2273 1.295444 96.87981 106.0033 1.060448 96.14561 107.8172 1.033703 95.59253  e0f92e28-915c-bd0b-7e25-4d3728787e77
3 TAG 5 117.973 0.6552086 128.1741 118.6678 0.497448 125.272 118.7939 0.4342575 122.3441 119.8086 0.5091629 118.0865 121.1179 0.310463 114.5698  82cbff80-c4f0-830a-2707-cf968ea39986
3 TAG 3 120.4309 0.3759079 115.9659 120.3034 0.6104202 111.4012 120.2319 0.857296 106.1992  97902fda-a89c-477f-4111-cb8f082b46df
3 TAG 3 120.9518 0.4774933 115.7915 122.4613 0.5845337 113.1761 124.6363 0.5706558 110.2311  bf8bd85c-eaea-49a7-7d48-bec38a165fdd
3 TAG 4 126.1835 0.6031532 107.596 125.8873 0.9049797 102.9373 126.8844 0.6320763 97.64768 127.3969 0.6942787 94.73956  ce28e3c4-65be-9fce-b24b-29bd5f8cb99c
3 TAG 2 123.6251 0.8429909 101.7426 124.3066 0.6875267 95.66032  d00ef06b-55dd-8fc5-0dd5-8ea1c47055d5
3 TAG 3 121.1865 0.723114 100.1466 120.8149 0.8183212 97.39182 119.3709 0.7659836 93.77039  d6b6d186-7fbd-8b5b-ff4b-8fa92a54df8f
3 TAG 2 121.29 0.8025513 95.46474 124.7094 0.5090637 94.90528  4be75947-365a-8b86-c9c5-1ff9782e3a08
3 TAG 3 121.0256 0.8194237 97.40407 124.1137 0.7378502 95.77109 126.1678 0.6895714 94.42812  64b8938b-0d43-49cb-590a-e210d12ce795
3 TAG 2 127.4246 0.7421188 95.4133 131.5591 0.486969 93.73796  5d59771d-7dc3-f6e4-b48b-a44154c6de21
3 TAG 5 127.6312 0.5005302 108.9117 128.7972 0.7551689 106.2774 129.4854 0.5304527 103.7971 130.4293 0.4394264 102.3398 132.6445 0.2435799 100.4447  4f0ace5f-d89f-fbab-0d1a-d9fa023a664c
3 TAG 3 114.9485 0.6578064 120.5634 116.8297 0.598381 119.0989 119.4924 0.5261765 118.529  a47afdb5-5b0b-5089-33fd-559d7b8994db
3 TAG 2 111.348 0.4148941 124.0776 113.1688 0.762394 122.3242  99435b31-8a4f-73ba-26e7-6f98e3adf360
3 TAG 4 112.7361 0.6786804 120.9497 112.052 0.6767769 118.6549 111.9789 0.8221245 114.6047 111.8922 0.9738808 111.5229  bd539dd1-da4b-85b0-f7b5-7b26a00c340c
3 TAG 2 89.10636 1.032177 102.9375 91.86988 1.016018 101.0713  1acff8b8-0a96-c945-9dc1-543958a25d6f
3 TAG 3 71.5419 1.585724 104.8928 71.64777 1.74432 101.6297 72.02087 1.606415 99.73035  095e907d-779b-d27f-14f7-0542c1cf1496
3 TAG 2 73.09153 1.779964 92.52082 71.83371 1.714272 97.80643  cfad14ae-da06-85db-d4a0-5e24b43961a1
3 TAG 2 70.39361 1.696537 99.42008 77.93388 1.655678 96.26738  c1963a0c-9d84-45be-e5a3-8204d47e858b
3 TAG 2 60.67005 1.732418 104.3116 67.18668 1.925346 102.5482  79e12007-6379-dcbd-1825-ff7e2e0700be
3 TAG 2 61.957 1.944492 106.3388 66.0329 1.860291 104.5685  b287d598-5fe3-b640-03ae-6ed56988ad68
3 TAG 4 60.88669 1.741718 109.9778 63.75419 1.802055 107.3911 66.33922 1.816925 105.2884 68.91533 1.717854 103.949  8dcaeb47-b717-2355-ce52-9c85c2e4ac1a
3 TAG 4 68.19986 1.768089 104.0017 69.66833 1.672058 104.0224 70.54016 1.502056 103.6646 73.93816 1.666527 102.8784  69239388-20ba-171c-69e8-edc5225252ab
3 TAG 3 65.74172 1.589294 109.779 68.68172 1.599586 107.8228 72.42711 1.54776 104.1327  e1052837-340e-008e-26e8-39d412cd1bc7
3 TAG 3 73.71751 1.554581 102.2115 74.50468 1.624882 97.50093 75.18089 1.839657 94.57691  bf77df87-b2b6-afd6-9ce4-480e44c5b71e
3 TAG 2 82.05276 1.480473 91.09186 81.55949 1.638565 83.88663  11506879-0758-f722-fb2b-5e5a4150b91b
3 TAG 2 79.08854 1.977821 81.2774 80.70309 2.065399 78.11218  0a2ca021-d6d8-5b37-025f-2793f8b844b6
3 TAG 2 66.74297 2.326023 100.1208 71.70288 1.717468 98.14294  452672a4-1931-bf61-b670-1214bc213a1d
3 TAG 2 67.3963 2.034935 98.54798 71.28996 1.645363 97.44905  48055d00-73ff-2d94-c4f4-d37acca27ce8
3 TAG 2 68.51205 1.706882 101.5519 72.99006 1.585255 99.28986  5b5bbf25-f5f0-6665-3457-aa2d60b777f2
3 TAG 2 75.03995 1.577168 101.006 77.81863 1.440769 99.21764  251e0940-46e8-f89f-4991-2c5e9755aad1
3 TAG 4 104.0941 1.222466 93.9278 103.1743 1.125233 92.62963 101.244 1.454563 90.74998 97.54166 1.187279 88.54762  a6da65e6-99da-c2ed-7f28-75c29b3702bb
3 TAG 3 72.67014 1.770752 95.07275 75.6708 1.815895 94.04891 78.58266 1.837288 93.03011  d7eaf372-ae93-c3fe-c63a-9a7b6ad80d40
3 TAG 2 78.10489 1.840046 93.52463 80.60881 1.742168 92.21007  f286c36b-e9c4-d224-31b0-611ea74740be
3 TAG 2 88.03214 1.409916 100.9131 84.46778 1.635986 97.60183  ac209055-fe6c-c995-1cc2-bd35ea630e2a
3 TAG 3 104.9676 0.9819031 75.85176 102.623 1.084732 73.17451 102.1567 1.106087 72.58882  3dae07a2-d9ad-ff64-b2f7-ea201425e271
3 TAG 3 96.07201 1.242031 75.24106 97.36862 1.193703 75.73497 99.25708 1.215168 75.68945  612189d8-4eb1-05a6-777f-254c88bbbbfd
3 TAG 3 99.34274 1.207123 75.75879 101.168 1.150482 74.75658 102.5116 1.078518 73.41511  1e115d1c-a974-4873-e797-839496382485
3 TAG 3 103.0476 1.076706 73.61229 105.9466 0.8689766 69.51512 106.8105 0.9027672 68.23933  72590473-2b24-eb50-f389-03efdf58e186
3 TAG 5 105.7648 0.9277229 76.04243 106.5432 1.011395 74.65504 107.0794 1.004017 74.04053 107.698 0.9548683 72.77863 107.8854 0.8664703 71.39783  c67f12f2-ab99-322c-7626-d143fb9dc3f6
3 TAG 2 104.8987 0.9599419 76.21632 107.6671 0.8817711 75.95102  ead5ff30-f7c6-b271-f041-b0da10fa918f
3 TAG 4 107.7272 0.903595 75.84792 109.0593 0.7638626 75.05952 110.3803 0.7416534 74.22598 112.2214 0.7106857 73.5899  acda34b6-c2c6-42d3-acd3-cca97c2e2b97
3 TAG 7 109.1601 0.8394585 75.9932 110.7666 0.7104073 75.37234 113.7809 0.6416092 73.43311 116.5682 0.547123 72.15801 118.0328 0.6043015 71.33711 120.7737 0.4823723 70.7697 123.6965 0.292942 69.37084  5f9601b4-55a7-2094-646f-5c825ed97ec1
3 TAG 3 109.6675 0.8246002 75.91206 112.5755 0.6639748 76.20524 113.5434 0.6074371 76.57523  e3f5b5f8-81cc-47d9-5b83-af0a4bb54083
3 TAG 4 111.4072 0.6790695 75.73579 113.8588 0.6743088 75.01327 116.213 0.6024513 75.12555 117.9624 0.4682617 75.13548  acf327f1-786c-1db6-4199-2d7e3d51a60b
3 TAG 2 98.84982 1.160954 103.5645 94.26836 1.212948 99.76199  ef61dead-1411-49f6-de26-1d8cb0206c71
3 TAG 2 95.87132 1.126415 96.6106 100.2677 0.9117279 94.69087  7c48833c-cb15-1b56-aa1f-c477627c4abe
3 TAG 5 99.07608 -3.057819 -99.21416 92.87584 -2.617283 -100.7129 89.36068 -2.707378 -102.3047 85.91768 -2.447586 -104.6557 83.78339 -2.500942 -106.807  18569727-8b3e-9c03-f8c3-7cfd2f2e644d
3 TAG 2 98.34035 -3.171761 -100.7019 94.52945 -3.775772 -84.20527  86323c00-00c3-95db-4328-5f9507fbc40e
3 TAG 3 125.8778 -2.704441 -41.02235 127.812 -3.761444 -46.55414 130.9591 -4.497761 -53.77666  564f1797-dca2-8db4-e945-1cf1779ff72f
3 TAG 4 148.3172 -3.207512 -26.69803 142.4933 -3.249046 -26.81536 139.6018 -3.316402 -27.74951 134.274 -4.585201 -31.30207  b080b83d-aa23-1da3-ee98-8d9dc514d3f9
3 TAG 2 141.9877 -2.04884 31.05144 151.26 -3.089603 30.67993  a02db9a9-6e7c-3712-3ddf-b20aabc8d4ab
3 TAG 2 157.8136 -2.987972 37.53285 158.5591 -3.257595 31.9921  251c335c-170d-f3b0-3ad9-3c8d694b7c89
3 TAG 5 147.1196 -2.414314 35.27089 153.9967 -2.923069 40.32767 161.0702 -2.668671 46.45904 169.8026 -2.693916 53.07153 171.7452 -2.722507 54.58937  3e9961fe-c5b4-bd37-6900-861a13b4f82b
3 TAG 2 174.4176 -2.401775 54.68822 180.1345 -2.287659 61.24221  ba868091-275a-2c71-59e0-6af57c2c21df
3 TAG 4 142.0778 -0.1520081 69.06732 146.7321 -0.8809586 64.7935 152.4072 -1.390736 60.35685 154.1121 -1.812267 59.0183  39993ace-805e-6670-0543-2f23bf31c70c
3 TAG 3 154.5228 -1.583809 59.18098 158.2825 -1.80299 58.73179 161.4933 -1.956268 56.93423  ee103af0-95f6-36ca-6bea-e455f41d0579
3 TAG 2 144.7583 0.1898766 58.03026 154.0061 -1.611996 58.12513  303477de-9b11-f054-2fbd-4f340f0884d4
3 TAG 2 140.6864 -1.061539 61.46302 147.7303 -1.151287 54.82516  2bf62e51-ab3b-861c-700c-90900798fb3a
3 TAG 2 148.1387 -1.561077 53.70226 144.4043 -1.658756 48.67838  0ffd72eb-9a3d-2dc7-64e4-fc8502903062
3 TAG 4 143.2877 0.08477402 99.03304 141.7188 0.09268188 97.95171 140.0867 0.1982956 96.56133 138.3329 0.2575073 95.46436  a0796e61-ad98-68ae-9fa2-e0c308e564da
3 TAG 2 151.068 -0.4243774 91.5496 149.1414 -0.2847786 89.66833  b914a8dc-53c0-b37c-5411-746633a509c0
3 TAG 2 135.2411 0.7572441 77.78795 133.0525 0.168438 76.30809  3a0c6510-a764-358c-93b3-347779d64d71
3 TAG 2 148.072 -0.3517265 80.31332 145.7807 0.0106163 78.88565  8a88a94a-2ea3-ae29-8f88-021ec15f07e6
3 TAG 3 147.6467 -0.4584465 86.91754 149.6716 -0.3944702 81.81976 150.7752 -0.3187561 79.86626  e164e9e3-c98b-808e-9869-467153cf2010
3 TAG 6 156.1126 -0.935833 86.15642 152.289 -0.6119347 82.16047 148.8574 -0.09999847 78.18604 146.1862 -0.1983414 76.06252 143.506 -0.1691132 70.75588 140.6161 -0.519619 66.50214  fa0d2038-89b2-5c56-0785-33d49a9e64c0
3 TAG 2 151.5448 -0.5599899 87.74369 147.1551 -0.3151321 84.68631  ba112217-a7e0-a1bf-600b-0ee30c4150bb
3 TAG 2 145.5385 -0.1003761 79.09379 148.2023 0.02661133 77.72761  8868e121-2b9d-53c4-78c9-2db81c8117b3
3 TAG 5 177.0753 -1.675175 93.18467 175.8163 -1.563236 90.43513 175.2279 -1.628704 88.51427 174.4869 -1.429115 87.43105 173.5408 -0.9225769 86.9761  975afe73-57d3-009d-27b4-5013049ba920
3 TAG 2 174.6665 -1.579899 91.28362 172.4218 -1.383667 88.76788  3e99ba99-be51-a927-b53d-be5e2b844899
3 TAG 2 169.483 -1.520878 92.04893 173.8369 -1.02541 86.76003  5beffd26-4bd4-728d-ae7f-f526780e5365
3 TAG 2 171.2796 -1.395821 93.29494 174.9233 -1.515919 87.7846  af351f8d-aad5-040c-89d4-7983958dcd06
3 TAG 2 179.3952 -1.426392 93.6542 177.7058 -1.71883 89.00625  7f55aa73-53db-1689-e06d-c9de004acf7e
3 TAG 2 182.0344 -1.552177 90.17237 178.1903 -1.595585 88.058  45fa3035-1733-979f-da63-9e134acc2659
3 TAG 2 138.7234 0.7929459 84.40002 141.9484 -0.2076797 80.78652  1c61a429-0b58-f1bc-92ac-8fe752d88e5b
3 TAG 4 148.6457 0.4211426 68.20828 152.8611 -0.7729759 69.63959 156.8897 -1.257809 71.16119 158.7739 -1.212631 71.70735  2b22f0e6-141a-327c-3b33-6337635e68e4
3 TAG 3 145.6348 -1.177208 66.13825 142.7299 -0.6656723 65.03722 139.1214 -0.5202026 62.92253  5cd1c31f-b8d2-f535-6739-67438c334ae4
3 TAG 2 144.4808 -0.08460617 70.45722 142.94 -0.3261719 67.13828  4ca3bcc6-0dbe-9ffd-d138-2ed2d334385c
3 TAG 2 125.0629 0.3936577 116.6347 128.7622 0.1701508 117.2054  b330a48c-b08a-2fa2-efaa-91e7b3ab5c48
3 TAG 2 128.4864 0.2353249 120.8416 128.9023 0.1467743 117.2866  d101fc1d-9542-1fb7-3b72-c5485f4a1050
3 TAG 3 123.2769 0.3325348 122.1156 127.0581 0.2649193 120.0928 128.3872 0.2504463 119.3495  71ab6d26-f410-5017-e528-304ed6ef794a
3 TAG 2 124.7908 0.3367805 117.2617 124.6342 0.4621468 115.2034  66857e1e-3c3e-8dcf-3483-24e142c0366c
3 TAG 3 125.7451 0.2983627 144.0423 123.5515 -0.3377991 139.9748 121.4375 -0.7873878 137.5367  94366344-a325-f400-3231-4929ccaf5491
3 TAG 3 118.4331 0.3602715 165.1042 114.265 0.6799126 160.5448 112.4108 0.9101143 158.2517  17e22716-a6b1-a199-f4ea-621bd999ffd8
3 TAG 2 115.2547 0.4456787 165.6032 119.7155 0.3515968 163.0251  b7633eaa-66f6-b78d-44cb-468673ab966d
3 TAG 2 116.9067 0.3705826 166.4505 116.7855 0.3546982 163.6251  00b4fab7-e3f7-7970-02ec-81f668fd5cd3
3 TAG 4 106.0618 0.8110275 163.6268 106.1519 0.9529381 158.6678 106.6951 1.140255 155.827 106.918 1.263924 149.5456  32fc8119-a7da-d20a-bea9-66a62ca912df
3 TAG 4 122.7099 0.418251 157.6841 122.03 0.437397 154.6877 121.1569 0.5074768 151.7827 120.9451 0.4959106 150.0158  d9ca9da7-61b9-3016-9388-e5bfd633576d
3 TAG 2 113.01 0.9492531 154.3911 111.7429 1.018314 149.7955  013ba78d-7d24-6013-09b2-fcdbc842d899
3 TAG 2 117.1964 0.5847092 158.9213 115.9144 0.8811989 151.4199  8330a17c-9399-bf47-d137-b39964a084db
3 TAG 4 54.44363 1.926105 109.6876 49.46797 1.929516 106.7047 46.74468 1.955395 105.3292 41.87753 2.217503 102.826  b1646ea2-6ee2-4160-0528-67e53f00853d
3 TAG 1 39.26495 2.622353 100.9191  94f810cf-721e-0f19-6768-1c58b23c2854
3 TAG 2 90.08421 1.46254 127.673 88.66561 1.215454 125.0411  86320413-5fe9-0a3e-0fad-b2e0149ab2e9
3 TAG 2 59.97973 1.822842 112.9794 63.78864 1.570477 112.7824  bcb66229-129d-5011-3f60-a743b7145be8
3 TAG 2 56.97138 1.953934 110.9652 59.47321 1.894333 110.0863  183cea3b-53e2-7583-5047-055ccd76ebd0
3 TAG 2 57.65011 1.835182 115.9163 60.1117 1.705425 115.4972  102a385b-aee7-0e58-6529-a8f1ff11c50c
3 TAG 2 27.15855 3.271919 106.8205 27.5408 3.362389 103.4577  13b18beb-57b6-38cf-af63-5e3523d82729
3 TAG 2 26.155 3.050381 106.9677 29.81011 2.939796 107.2181  1ba5cf02-7eb8-6f13-3e97-d7dbbb53dbdf
3 TAG 2 27.29292 3.495903 105.8453 28.76413 3.286064 105.9534  faccbba1-1892-d215-ec16-09bc6053f849
3 TAG 2 27.49035 3.489925 104.431 28.75744 3.344543 104.6398  0bc66748-1956-ccf7-e011-540c232c851b
3 TAG 2 92.47993 0.9176636 58.26157 88.98521 -0.1976471 53.73594  aee8bc20-aa27-114f-922a-e604bf8cbac2
3 TAG 4 94.72034 0.9451981 54.65353 94.98471 0.6555176 50.11834 92.91298 0.3768463 44.98516 91.0579 0.4834595 42.35689  b13307a8-814f-e9a5-5fe3-9f582ca567e8
3 TAG 3 90.2273 0.6966324 42.77004 85.73145 0.9441147 40.3308 80.20055 -0.4624252 35.6573  4a89d062-ccba-dc08-3e84-5ce7b6cb1c00
3 TAG 2 100.9004 0.4315948 40.40264 90.36484 0.5241699 33.76286  c3b7a03a-08fd-0ef7-74ff-fa540bc45603
3 TAG 3 79.31217 0.9568405 52.15549 79.75065 1.068876 50.74154 80.72011 0.7511711 45.53516  663ca5bf-b45a-9b3c-6593-5dc0f0a18fd1
3 TAG 2 154.2198 -2.32535 53.91264 149.1723 -1.781437 50.05767  f1e339bd-0ee0-2844-662d-8de2df090a3e
3 TAG 3 132.6824 -0.5497932 55.10795 137.009 -1.16699 51.85749 143.7365 -1.628536 47.8599  c0aa2c9a-fada-69db-a053-aa558f7a2274
3 TAG 2 148.8923 -1.806578 50.91522 144.4835 -1.673574 48.43292  1bb868d9-3bd4-b3af-572f-eb307a8a8a16
3 TAG 4 25.88506 3.421173 14.114 20.40183 3.07402 10.10835 17.24186 3.210522 7.774467 12.35439 3.224346 5.239496  912d7765-de20-8349-bc18-91e1def89067
3 TAG 2 62.61061 0.4841537 -45.03528 58.07018 0.3130684 -39.33134  12196999-9d09-36cc-7b83-faeac7629a6c
3 TAG 2 58.51656 0.4577713 -39.0232 42.19526 0.6676521 -37.88255  4547966f-d15e-51d0-013d-2cd4f7375972
3 TAG 2 -1.671185 2.444366 -76.9044 -9.6947 2.446968 -74.64932  2a3f8f94-588e-29ca-9dd3-5995e823f643
3 TAG 3 -6.887156 2.740368 -71.02008 -3.228155 1.20092 -77.89296 -1.15697 2.261452 -83.55859  55b54fb8-82bf-c209-6c58-18de5f70a352
3 TAG 2 -54.55397 3.008766 39.16461 -51.78742 2.844311 36.75002  139fc125-18b6-0a8f-fd1a-ef8a076517be
3 TAG 2 -45.11314 3.858631 20.9185 -41.68741 3.738659 7.199725  a96e1edc-fe97-a5b6-bbee-aee0fd458237
3 TAG 2 -36.53801 3.494644 15.68349 -38.58042 3.614143 19.3038  1da94216-0bb9-964e-f057-bd6dc804020e
3 TAG 3 36.83133 1.086517 -39.83617 32.67393 1.327484 -44.69123 29.10352 1.607147 -46.98503  8d8da319-3775-5b46-cc12-2cb3d022d60d
3 TAG 2 32.49625 2.598724 -23.40466 34.08081 2.398964 -26.00721  56cdc3ac-193b-2b9c-0c60-91db9d557a1f
3 TAG 2 10.13771 3.055061 -38.49631 3.165635 3.281723 -38.59673  32d02fe8-0ab5-51c0-fb06-787786f349de
3 TAG 2 -28.33226 3.130951 -56.92078 -35.9191 2.809196 -54.84052  928367f2-35a3-f060-104a-f727ac6478ca
3 TAG 2 -69.5521 3.306976 -35.32532 -64.40778 2.463348 -41.9001  986dea70-a723-aaa7-687d-ce11a6b779f7
3 TAG 2 -83.06195 3.99041 -22.76464 -89.95871 3.042931 -26.43494  f15a450f-51ea-3c8b-d338-23388deb0fb6
3 TAG 2 -90.72369 2.30365 -29.09117 -96.80963 3.667007 -29.5289  81244159-db16-b59f-4bfd-635daff9bf4a
3 TAG 2 -62.55853 3.528351 -34.12677 -68.14492 2.637993 -37.02001  31c0583d-3265-1e2e-3690-1ffd3e40abab
3 TAG 2 -79.62179 4.091583 -46.70837 -75.00262 4.049538 -46.31335  4c042931-455a-a101-4ec4-676fa161f525
3 TAG 2 -75.44831 2.985275 -47.93058 -71.68649 3.421906 -47.65076  4dd5e57a-623a-20b6-6ecd-75c2437e98e8
3 TAG 3 -74.17451 2.77552 -49.15122 -71.8517 3.670021 -52.72355 -70.64072 3.08313 -55.50352  8d87a30b-0e75-55eb-7b67-5e7e565a2262
3 TAG 2 -98.82935 3.530235 -35.10901 -107.428 2.060692 -38.51404  72f670f9-e136-7488-cc96-12b3a362a1c7
3 TAG 3 -89.58553 3.550625 -72.85959 -89.09212 3.056625 -77.77802 -87.47557 3.341412 -81.84925  e8decbf8-b8ac-7193-7091-829bc7d77e8f
3 TAG 2 -114.9454 3.134197 -66.94033 -115.5421 3.893681 -74.8399  b9160ff9-73d4-80a2-16e5-6fc22bd08b60
3 TAG 2 -135.5032 2.694534 -65.0838 -125.8008 3.664063 -67.21826  89da454f-09c5-5600-24a9-dcbbb94858ac
3 TAG 2 -109.3232 3.602352 -34.54967 -104.2854 3.510136 -30.66598  ab29c671-aa1d-8bd8-8eb9-a23f16f3bee0
3 TAG 4 -96.35385 3.357388 -81.61649 -91.84502 3.411297 -81.3344 -86.94944 2.850273 -79.94484 -85.03075 3.17905 -79.68809  2d366a35-127f-5002-6d92-99d9ee5313fb
3 TAG -68.26108 3.312174 32.50684 -50.3673 3.47554 41.25133  ed7bad75-1b3d-f36a-48c7-f564a5be5d9a
3 TAG 82.66302 1.716551 73.9934 107.448 0.9645214 73.27782  95bc0f30-86b1-af54-381e-474c9a1ee662
3 TAG -24.54583 -0.8111401 -167.349 -19.67663 -1.465979 -186.0911  b2e05e99-ed61-6133-8985-fea6f85596e5
3 TAG -6.104714 2.019606 224.2914 9.035809 2.838915 70.2274  1258d1a1-3744-a446-2961-adc508656a01
3 TAG -36.98603 3.034755 178.5 -41.76915 3.531179 168.5408  9e319adf-9127-1fc9-a46a-9fcbd30843e0
3 TAG 107.4954 -1.692815 121.6023 107.4928 0.04961395 122.9947  b586fb85-2a63-5bb0-ae26-343b015a3f2c
3 TAG 106.1307 -2.273103 120.4934 108.4642 -1.92964 121.2266  731a5a05-3704-8d09-102f-c8ea2a25f845
3 TAG 106.9001 -2.067687 121.4407 1 5 0.1  87b191b0-c4c9-911c-527b-cb65f29bd4f2
2080882076_rosario2\rosario2.dxm|C:\Users\vizlab\Desktop\MestradoMosis\rosario2\rosario2.dxm|False|4|2080882076_rosario2\rosario2.jpg|C:\Users\vizlab\Desktop\MestradoMosis\rosario2\rosario2.jpg|False|2080882076_rosario2\rosario21.jpg|C:\Users\vizlab\Desktop\MestradoMosis\rosario2\rosario21.jpg|False|2080882076_rosario2\rosario22.jpg|C:\Users\vizlab\Desktop\MestradoMosis\rosario2\rosario22.jpg|False|2080882076_rosario2\rosario23.jpg|C:\Users\vizlab\Desktop\MestradoMosis\rosario2\rosario23.jpg|False
2080882076_rosario2\rosario2.jpg|C:\Users\vizlab\Desktop\MestradoMosis\rosario2\rosario2.jpg|False|0
2080882076_rosario2\rosario21.jpg|C:\Users\vizlab\Desktop\MestradoMosis\rosario2\rosario21.jpg|False|0
2080882076_rosario2\rosario22.jpg|C:\Users\vizlab\Desktop\MestradoMosis\rosario2\rosario22.jpg|False|0
2080882076_rosario2\rosario23.jpg|C:\Users\vizlab\Desktop\MestradoMosis\rosario2\rosario23.jpg|False|0
