Plane 4 56
Outcrop 60 1
UnityTexture 61 6
end_header
3 TAG 3 147.9567 114.3121 5.354878 147.5491 115.0929 5.904151 146.6462 114.8719 6.971945 b832d3ba-c352-b4b1-43ef-b0a2ee847790
3 TAG 3 147.9452 115.1131 8.171169 148.6461 115.1525 6.782618 148.5696 114.2165 6.567505 570affb3-c23f-f68e-33af-1d85ae4cb2b0
3 TAG 5 141.5166 116.3234 22.52715 142.7619 116.4207 20.83406 142.4877 114.1504 20.86228 141.2437 114.346 22.78472 141.2406 115.336 22.6439 ec3fd3d8-0cbb-51a3-4793-e794f6d17678
3 TAG 4 139.3683 115.8053 23.70505 137.9164 115.516 24.05797 137.8447 114.0097 23.94337 139.6037 114.1056 23.53082 2fa717f9-b309-296b-f365-66b3deb33b80
3 TAG 4 135.984 115.2564 19.03949 135.5201 115.5555 21.555 134.9521 114.1005 21.5635 135.7709 114.2267 18.82656 8332c1ad-6032-074a-8be2-59657a819d25
3 TAG 4 135.2017 115.1518 21.82215 134.4892 115.0601 23.1777 134.1041 114.1436 23.16403 134.8535 114.1284 21.8016 0a6ade54-dce3-ccf2-6345-c1064691c8c9
3 TAG 4 131.7213 116.4645 29.98482 131.4595 114.8293 30.59549 132.9506 116.2773 28.00512 132.7343 114.8474 28.04429 667b4835-33ec-6768-a40a-24addf4686cd
3 TAG 4 130.5209 116.4306 25.30652 132.8123 116.3753 24.83384 130.4911 115.7901 25.44715 132.55 115.6185 25.2839 9d4a6fca-7042-e4ee-7e46-7b3d5fb4677c
3 TAG 3 134.0303 116.3907 29.86823 133.3123 116.3732 30.5431 133.1682 115.5398 30.44504 7c4ab686-86fa-c2de-bc9a-5aff6654b3a5
3 TAG 4 136.6692 116.7117 27.9724 136.0799 116.6692 29.48991 135.6904 115.4429 29.15442 136.6944 115.5195 28.08664 7d70957c-f88b-9e7a-6dd1-8e230a77e11a
3 TAG 3 138.0061 115.6067 26.46672 137.6339 115.6989 24.7085 137.4311 114.0196 24.44098 4716ed2b-acde-b625-536e-9115573a39b6
3 TAG 3 147.8641 116.4366 28.01514 148.2566 116.3353 27.53828 148.0961 115.7005 27.36295 309b0d13-566b-13ac-40c0-691bfbb7e9b5
3 TAG 3 149.3846 116.2093 9.437311 148.6084 116.3334 8.565979 148.3457 115.3956 8.907816 c3fd7b70-9307-074f-5262-f87dbdebe828
3 TAG 4 141.9435 116.0775 8.53207 143.2206 116.0566 8.399278 143.6355 114.4063 9.268669 141.8657 114.4861 9.647642 3621375f-481c-c729-e57b-97d415b2d228
3 TAG 4 130.6331 114.3948 17.21701 135.4 114.1452 18.0129 134.9808 115.7333 18.1501 131.238 116.3341 18.0223 84396c1f-6893-c971-7ae8-20d94bcfa1f0
3 TAG 4 139.0387 115.3379 11.05282 136.3384 115.4655 9.302114 136.5377 114.4858 9.21474 139.1301 114.4464 10.77233 1a603a73-c068-dc28-9e9e-04ff0bcaf5cd
3 TAG 4 128.07 116.8089 17.34534 129.2598 116.7342 17.92306 129.3314 114.4659 17.2457 127.8097 114.5556 16.97883 b563642d-807e-bb6f-b60b-5b5c35a57dd8
3 TAG 4 131.807 115.2221 8.136266 131.7899 114.1635 7.946855 130.2171 114.3038 17.19426 129.9379 115.2515 17.47062 127b9e1f-696a-7ecc-ebee-4daa1b900719
3 TAG 4 125.5556 114.3555 4.675885 125.6636 115.501 4.454331 122.6821 115.6505 4.130789 122.5582 114.4179 3.783731 190b4d6a-6ba7-70b6-3362-064464f5c187
3 TAG 4 115.525 114.2822 11.56279 115.675 117.3566 11.8996 122.5857 117.2029 14.45327 122.1162 114.3696 14.076 99fb7cae-aeb9-a9a2-aa59-f1bf88473642
3 TAG 5 119.4123 114.3434 2.137024 120.0501 116.1257 1.312819 112.5974 114.2977 11.63742 113.1406 115.2704 11.17276 112.691 116.8055 11.16946 b6bf1857-f13b-bb9e-38c0-45d6f21de299
3 TAG 4 111.8566 114.4886 11.05573 111.937 116.9062 10.44114 110.0364 116.5918 9.074129 109.6275 114.5362 9.57236 5cdd1d83-1d95-c8f4-3f14-bab529ab3ce9
3 TAG 4 108.8947 116.6506 9.08378 108.2385 116.5163 10.34101 108.1585 114.4733 10.45183 109.122 114.5808 9.557329 3d09ec7a-b803-6fff-c5f9-10d3a30f7200
3 TAG 4 106.6716 117.0235 10.75868 104.8413 116.9768 10.47544 105.3337 114.3409 10.9537 106.6491 114.3907 10.99401 18ee3401-79f8-c15f-a1f3-f48130176030
3 TAG 4 99.4384 117.2763 6.40006 99.98792 117.0409 8.521563 99.91187 114.2283 9.363048 99.12601 114.3155 6.824903 4d09d84a-6cf4-9bd0-d08e-5f8ea44e66a8
3 TAG 4 99.62624 117.0328 13.05423 100.3923 117.1594 11.93661 100.4059 116.1085 11.8511 99.6942 115.8512 13.04013 3d0f6a1a-6b56-4913-c123-532b9cbd7511
3 TAG 4 102.6681 117.1777 14.40931 104.2859 117.01 12.91249 103.9342 115.3398 12.68089 102.3871 115.3891 14.19123 907c8d86-ca61-355c-49c9-4a0d2f41c91e
3 TAG 4 98.3492 116.0304 16.8749 98.54649 116.1632 15.8492 98.64156 115.4808 15.95576 98.46672 115.3508 16.99716 22c2f8f0-e947-46dc-606b-cdf2dd9db343
3 TAG 4 98.96485 117.2338 17.87513 99.72345 117.0921 16.30335 99.37553 116.2068 16.27848 98.96881 116.2262 17.41175 c7676221-35fa-a2c2-761f-9600084caefe
3 TAG 4 100.9363 117.5194 17.11048 101.0583 117.4653 15.8535 101.2642 116.9408 15.84034 101.1543 117.0897 16.93436 ea7f4174-3486-1e7f-a5a2-a8d5425fb271
3 TAG 4 99.03085 117.133 15.48582 98.77451 117.0671 16.11139 98.86227 116.7656 16.09281 98.95892 116.8188 15.58214 907894fd-6398-9667-41bd-8d8ff5a49567
3 TAG 3 99.39817 117.1797 13.13617 98.10619 117.1009 13.61435 98.21181 116.3006 13.85107 68dea756-5315-3c28-30b3-3e82ebbd1ea4
3 TAG 4 110.0942 114.7728 -5.444761 109.7869 116.4011 -5.027102 104.5128 116.2654 -1.562667 104.0993 114.2716 -2.201869 a5106678-c79a-5cfa-f55d-7db5e0086829
3 TAG 3 110.2588 117.0441 1.487593 110.8909 116.9517 -0.2250263 110.5288 115.6444 -0.5601186 65c9f437-63e3-82a6-69bb-a602bdf69ba1
3 TAG 3 110.7215 117.2038 -1.818948 110.6618 117.1648 -2.354841 110.6471 116.1042 -2.297402 0e1cf59f-2da8-1dee-04d9-8acd76d8924c
3 TAG 3 111.2711 117.2991 -6.443928 111.1833 117.6784 -7.718515 111.0428 116.9947 -7.692719 a1675ab9-c807-c756-075b-2b9eef4af132
3 TAG 3 109.2694 117.573 -7.411631 109.9313 117.6045 -6.874853 110.0458 116.9983 -6.788096 a71dd98a-f66b-2c02-d20d-d3c10da73c8b
3 TAG 4 112.6368 117.2724 -3.91546 113.6547 116.9327 -3.888908 113.6338 115.941 -3.814687 112.6974 116.0608 -3.766025 7dd939c1-f12e-3d5f-7f14-2203c81ae98e
3 TAG 3 114.2459 117.1625 -5.185844 113.4053 117.2791 -5.313569 114.0926 116.4526 -5.169309 be927691-aa25-92e1-0269-1d211bdd6755
3 TAG 3 112.4367 115.6752 -5.24498 112.4742 117.1565 -5.821152 100.0823 117.317 11.79988 7cb09394-959b-4d21-c737-76a0e25171e4
3 TAG 4 93.38044 117.0298 2.828819 95.81148 116.7449 6.516467 96.33941 114.204 5.509233 93.27397 113.8152 2.678983 03411e7e-74e9-7c27-01de-ecd949a85d99
3 TAG 4 103.391 116.2414 -1.446911 101.491 116.2948 -3.375801 101.8133 114.324 -4.198256 103.4497 114.3604 -2.170533 e75c0483-5669-178b-bd81-38ad01cde3e4
3 TAG 4 97.62383 116.4861 -6.665931 99.27268 116.3075 -5.034734 99.37116 114.4046 -5.647665 98.19738 114.3537 -7.031275 a8fad492-b563-9c15-a370-6c4cee184442
3 TAG 3 96.79179 114.2668 -9.16558 96.81883 115.3794 -9.501648 96.72352 116.0084 6.506903 1340b64d-ffcb-0a6b-0e3c-d6d5ec5a9e97
3 TAG 3 76.46415 114.4682 3.213326 76.59653 116.709 2.883614 86.6059 116.816 -12.45179 80c98d44-69ee-ba12-0439-da615c51d989
3 TAG 4 75.96033 116.7399 0.5107549 75.29956 116.8495 -1.553907 75.9135 114.9808 -1.53559 75.88329 115.0388 0.371904 0adb91d6-513f-07ab-018a-dd769e6dc49d
3 TAG 6 84.85566 117.0058 -12.05287 84.16715 116.8095 -13.45893 83.02585 116.7506 -13.47392 83.01123 115.7246 -13.32775 83.94145 115.6572 -12.99671 84.9087 116.2099 -12.27616 228b738b-624a-9573-6f1e-933c8ca1b21f
3 TAG 4 51.5659 116.9214 -18.31404 49.11436 117.1206 -17.23462 49.61695 114.5377 -17.4607 51.95853 114.7219 -17.21822 b90e7a87-5263-ded4-38ad-c4c9870297b2
3 TAG 4 51.68784 114.5136 -8.496284 51.97971 116.6005 -6.664975 52.48866 114.5156 -17.95279 52.05789 116.3298 -18.04319 daf8d953-f392-2bdc-730d-2a734ef3c6f8
3 TAG 3 45.04298 117.1792 -13.90319 47.39694 114.992 -10.36876 44.92107 115.3934 -14.0148 67fdd560-3be2-2532-244a-d80565e1a350
3 TAG 4 47.55465 117.2351 -19.62512 48.43616 117.2275 -17.8682 48.59185 115.9768 -17.70739 47.96047 115.7008 -19.54671 6931df1f-03dc-68ab-3828-d6777ad35390
3 TAG 3 45.4202 116.8344 -16.95465 45.43964 117.2576 -17.00064 45.63558 117.2249 -16.00555 0037d5c4-027d-f57c-3b24-2e51756046b9
3 TAG 4 46.365 117.0275 -20.16893 46.3851 115.8325 -20.35643 45.90226 115.7175 -18.79711 45.64815 116.9709 -18.83072 6755578f-601c-be5f-1e76-95adcfef2444
3 TAG 4 142.7476 116.8735 2.729306 143.6134 116.8085 4.014898 143.6407 115.909 3.997132 142.8304 116.1149 2.622706 23b63748-a8cd-bfc0-4df8-cda1e7de0d37
3 TAG 4 143.7118 116.5565 4.292162 143.6865 115.9338 4.183727 144.265 115.8829 5.327837 144.064 116.5841 5.313119 adabaa9b-56bc-fdb6-a6ed-51b571f10e0b
3 TAG 10 100.8694 116.7563 -8.782671 100.754 117.114 -8.77407 100.2124 117.3994 -8.348734 100.2489 117.4391 -7.715308 100.0674 117.0674 -6.99737 100.0408 116.4774 -5.719712 100.4754 115.7536 -6.021162 100.5379 116.2399 -7.463778 100.502 116.4901 -8.122306 100.8223 116.654 -8.466018 38f84967-6be4-c250-198a-199e99e3345d
C:\Users\vizlab\AppData\Local\Hercules\Soledade_Vertical\Soledade_Vertical.dlm|
C:\Users\vizlab\AppData\Local\Hercules\Soledade_Vertical\Soledade_Vertical.jpg|C:\Users\vizlab\AppData\Local\Hercules\Soledade_Vertical\Soledade_Vertical.jpg
C:\Users\vizlab\AppData\Local\Hercules\Soledade_Vertical\Soledade_Vertical1.jpg|C:\Users\vizlab\AppData\Local\Hercules\Soledade_Vertical\Soledade_Vertical1.jpg
C:\Users\vizlab\AppData\Local\Hercules\Soledade_Vertical\Soledade_Vertical2.jpg|C:\Users\vizlab\AppData\Local\Hercules\Soledade_Vertical\Soledade_Vertical2.jpg
C:\Users\vizlab\AppData\Local\Hercules\Soledade_Vertical\Soledade_Vertical3.jpg|C:\Users\vizlab\AppData\Local\Hercules\Soledade_Vertical\Soledade_Vertical3.jpg
C:\Users\vizlab\AppData\Local\Hercules\Soledade_Vertical\Soledade_Vertical4.jpg|C:\Users\vizlab\AppData\Local\Hercules\Soledade_Vertical\Soledade_Vertical4.jpg
C:\Users\vizlab\AppData\Local\Hercules\Soledade_Vertical\Soledade_Vertical5.jpg|C:\Users\vizlab\AppData\Local\Hercules\Soledade_Vertical\Soledade_Vertical5.jpg
